0.01 2.07945888417
0.01 1.91100839298
0.016996996997 2.14486434051
0.016996996997 1.85963655136
0.023993993994 2.16597700645
0.023993993994 1.76914961423
0.030990990991 2.28777932895
0.030990990991 1.72475379545
0.037987987988 2.42929270919
0.037987987988 1.72698285543
0.044984984985 2.46729911135
0.044984984985 1.68895013568
0.051981981982 2.41477628021
0.051981981982 1.60986181362
0.058978978979 2.54419013295
0.058978978979 1.32123230451
0.065975975976 2.60028070899
0.065975975976 1.3070263932
0.072972972973 2.75135999984
0.072972972973 1.24113974833
0.07996996997 2.80205955874
0.07996996997 1.24019668311
0.086966966967 2.64679700398
0.086966966967 1.05872725206
0.093963963964 2.86391367042
0.093963963964 1.07299804677
0.100960960961 2.96090523306
0.100960960961 1.03010123345
0.107957957958 2.88308888829
0.107957957958 1.05470634774
0.114954954955 2.8206590383
0.114954954955 1.03081782015
0.121951951952 2.96726372174
0.121951951952 1.01546148946
0.128948948949 2.98939584637
0.128948948949 1.0930728868
0.135945945946 2.9626701373
0.135945945946 1.07784883727
0.142942942943 3.05146102165
0.142942942943 1.02346676059
0.14993993994 3.10889352355
0.14993993994 1.02845528761
0.156936936937 3.00615218735
0.156936936937 1.02165100632
0.163933933934 3.02048599331
0.163933933934 1.00861399377
0.170930930931 3.00100976325
0.170930930931 1.02973730223
0.177927927928 3.03037210828
0.177927927928 1.02500510072
0.184924924925 3.05593252325
0.184924924925 1.03187371444
0.191921921922 2.96563374508
0.191921921922 1.03501513463
0.198918918919 3.05543308833
0.198918918919 1.01205282138
0.205915915916 3.0601221724
0.205915915916 1.01407034506
0.212912912913 3.06783321522
0.212912912913 1.04181083779
0.21990990991 3.11395085504
0.21990990991 1.03192098649
0.226906906907 3.1192126775
0.226906906907 1.04771743191
0.233903903904 3.08589767627
0.233903903904 1.00975054341
0.240900900901 3.09366004057
0.240900900901 1.00288131834
0.247897897898 3.01654417808
0.247897897898 1.03341245244
0.254894894895 3.12195385843
0.254894894895 1.01233462099
0.261891891892 3.12382740899
0.261891891892 1.00271511317
0.268888888889 3.06219029736
0.268888888889 1.01156246075
0.275885885886 3.12088962524
0.275885885886 1.01427855085
0.282882882883 3.16000646372
0.282882882883 1.01723235502
0.28987987988 3.22061109754
0.28987987988 1.03965023349
0.296876876877 3.20470802642
0.296876876877 1.03114190702
0.303873873874 3.07698190595
0.303873873874 1.00239796339
0.310870870871 3.10099688209
0.310870870871 1.05857161748
0.317867867868 3.21520208647
0.317867867868 1.04576378742
0.324864864865 3.21761658208
0.324864864865 1.03844793595
0.331861861862 3.23226273319
0.331861861862 1.01531120318
0.338858858859 3.19537683408
0.338858858859 1.00665498778
0.345855855856 2.75304547835
0.345855855856 1.01601305618
0.352852852853 2.73440283505
0.352852852853 1.01727060886
0.35984984985 2.69979301273
0.35984984985 1.02660278278
0.366846846847 2.65615341982
0.366846846847 1.03021541216
0.373843843844 2.61797722879
0.373843843844 1.02090068128
0.380840840841 2.44769332027
0.380840840841 1.0142438071
0.387837837838 2.57402819597
0.387837837838 1.045843577
0.394834834835 2.49315129484
0.394834834835 1.03810500493
0.401831831832 2.5924381537
0.401831831832 1.00629760484
0.408828828829 2.55963991943
0.408828828829 1.0261792325
0.415825825826 2.6392223234
0.415825825826 1.05333937906
0.422822822823 2.52631968043
0.422822822823 1.03122626041
0.42981981982 2.37609697143
0.42981981982 1.01366993756
0.436816816817 2.508763561
0.436816816817 1.01775526515
0.443813813814 2.61875056708
0.443813813814 1.00968732584
0.450810810811 2.54586729511
0.450810810811 1.01687551462
0.457807807808 2.44717002165
0.457807807808 1.0089328824
0.464804804805 2.4488746157
0.464804804805 1.00277607051
0.471801801802 2.43815331164
0.471801801802 1.03755495459
0.478798798799 2.52730249834
0.478798798799 1.03430515779
0.485795795796 2.45343851456
0.485795795796 1.00892463767
0.492792792793 2.54372672707
0.492792792793 1.02347581566
0.49978978979 2.48612497107
0.49978978979 1.03193201613
0.506786786787 2.48611422792
0.506786786787 1.03687691142
0.513783783784 2.50734093395
0.513783783784 1.02536166512
0.520780780781 2.45863750058
0.520780780781 1.02145942866
0.527777777778 2.51383457533
0.527777777778 1.01787395741
0.534774774775 2.54932507571
0.534774774775 1.03875454059
0.541771771772 2.53378306185
0.541771771772 1.01987603914
0.548768768769 2.56790701737
0.548768768769 1.01107600455
0.555765765766 2.53139320379
0.555765765766 1.01895065403
0.562762762763 2.56282765417
0.562762762763 1.02335780523
0.56975975976 2.54983775523
0.56975975976 1.0111578314
0.576756756757 2.54391095139
0.576756756757 1.01087033481
0.583753753754 2.5832082049
0.583753753754 1.10365720626
0.590750750751 3.1385008468
0.590750750751 1.02005504333
0.597747747748 3.12267279266
0.597747747748 1.08971039014
0.604744744745 3.2720587997
0.604744744745 1.10146414123
0.611741741742 2.76696876487
0.611741741742 1.00430566365
0.618738738739 3.27474538711
0.618738738739 1.0399761476
0.625735735736 3.30415988968
0.625735735736 1.01836268953
0.632732732733 3.31377393173
0.632732732733 1.00600429695
0.63972972973 3.30907994124
0.63972972973 1.02877404712
0.646726726727 3.21840326453
0.646726726727 1.08670987154
0.653723723724 3.14720898761
0.653723723724 1.01767574446
0.660720720721 3.14973146961
0.660720720721 1.04981552146
0.667717717718 3.33073748452
0.667717717718 1.0078903477
0.674714714715 3.18960540522
0.674714714715 1.01686646049
0.681711711712 3.36547433893
0.681711711712 1.03447744573
0.688708708709 3.29604096108
0.688708708709 1.02878484719
0.695705705706 3.35125263728
0.695705705706 1.02104224026
0.702702702703 3.26374347725
0.702702702703 1.01186028114
0.7096996997 2.78903025402
0.7096996997 1.02118379059
0.716696696697 3.30526640117
0.716696696697 1.03196816974
0.723693693694 3.26145949528
0.723693693694 1.02089082427
0.730690690691 2.59918412656
0.730690690691 1.11154892982
0.737687687688 2.59135559328
0.737687687688 1.00784482689
0.744684684685 2.63815646687
0.744684684685 1.02076961007
0.751681681682 2.62490618095
0.751681681682 1.00188968162
0.758678678679 3.20239492727
0.758678678679 1.00908391256
0.765675675676 2.5691541254
0.765675675676 1.00289748327
0.772672672673 3.29303959734
0.772672672673 1.06590485189
0.77966966967 3.27410901721
0.77966966967 1.03865877931
0.786666666667 2.74734793011
0.786666666667 1.03912456486
0.793663663664 2.69651164528
0.793663663664 1.0262540857
0.800660660661 2.98291481732
0.800660660661 1.09531199884
0.807657657658 3.38196029586
0.807657657658 1.00423591145
0.814654654655 3.38409397665
0.814654654655 1.06367480162
0.821651651652 3.34352430727
0.821651651652 1.04029545227
0.828648648649 3.198601209
0.828648648649 1.06070863986
0.835645645646 3.18289711048
0.835645645646 1.06377531479
0.842642642643 3.47972625718
0.842642642643 1.00986861582
0.84963963964 3.13380199668
0.84963963964 1.00369445668
0.856636636637 3.17978989226
0.856636636637 1.04653436916
0.863633633634 2.92298644108
0.863633633634 1.04473161193
0.870630630631 2.83344428291
0.870630630631 1.00796465646
0.877627627628 2.99700319395
0.877627627628 1.03436939995
0.884624624625 2.84884134812
0.884624624625 1.04454958675
0.891621621622 2.8062867416
0.891621621622 1.01582122427
0.898618618619 2.76276105447
0.898618618619 1.04413061073
0.905615615616 2.83820092293
0.905615615616 1.01115807674
0.912612612613 2.81507245572
0.912612612613 1.0285415616
0.91960960961 2.85485202888
0.91960960961 1.03624462699
0.926606606607 2.92638752661
0.926606606607 1.01515257408
0.933603603604 2.82100327055
0.933603603604 1.00655886544
0.940600600601 2.86209369
0.940600600601 1.01810904199
0.947597597598 2.83353810154
0.947597597598 1.0609444239
0.954594594595 2.8404943492
0.954594594595 1.01295461118
0.961591591592 2.85579285993
0.961591591592 1.02509645807
0.968588588589 2.86926936434
0.968588588589 1.06369101013
0.975585585586 2.8585550144
0.975585585586 1.04531072013
0.982582582583 2.91064284749
0.982582582583 1.04048894045
0.98957957958 2.88986342269
0.98957957958 1.01556408241
0.996576576577 3.34454778459
0.996576576577 1.0106513739
1.00357357357 3.15262164864
1.00357357357 1.02860414268
1.01057057057 3.15141446436
1.01057057057 1.02968743172
1.01756756757 3.2782084278
1.01756756757 1.04272054155
1.02456456456 3.35901579631
1.02456456456 1.07715998562
1.03156156156 3.36803685034
1.03156156156 1.05440681944
1.03855855856 3.43143637703
1.03855855856 1.06071941688
1.04555555556 3.2307858203
1.04555555556 1.0450864304
1.05255255255 3.42324734146
1.05255255255 1.05004220243
1.05954954955 2.98967678051
1.05954954955 1.0089233219
1.06654654655 3.10810532072
1.06654654655 1.04102368839
1.07354354354 3.32444135799
1.07354354354 1.00101525961
1.08054054054 2.81370580356
1.08054054054 1.02500990423
1.08753753754 2.68824588438
1.08753753754 1.1220176142
1.09453453453 2.85148081919
1.09453453453 1.04538589627
1.10153153153 2.87316658017
1.10153153153 1.0119572585
1.10852852853 2.74022257711
1.10852852853 1.06371704282
1.11552552553 2.76244988625
1.11552552553 1.05372963942
1.12252252252 2.8367148316
1.12252252252 1.03630486439
1.12951951952 2.88013137114
1.12951951952 1.00358487407
1.13651651652 2.73329617551
1.13651651652 1.00634124249
1.14351351351 2.76599070431
1.14351351351 1.04029546896
1.15051051051 2.84052897469
1.15051051051 1.0713885316
1.15750750751 2.873405937
1.15750750751 1.01775401367
1.1645045045 2.74172542679
1.1645045045 1.01863071238
1.1715015015 2.87142775106
1.1715015015 1.01048478164
1.1784984985 2.75272301908
1.1784984985 1.01601837405
1.1854954955 2.83766472197
1.1854954955 1.09092063458
1.19249249249 2.8034949438
1.19249249249 1.01713762948
1.19948948949 2.73797301465
1.19948948949 1.02599013054
1.20648648649 2.85434056167
1.20648648649 1.02653916828
1.21348348348 2.85895613393
1.21348348348 1.01964785694
1.22048048048 2.81818660006
1.22048048048 1.03873109044
1.22747747748 2.73302266038
1.22747747748 1.09223468748
1.23447447447 2.87342433621
1.23447447447 1.00384635541
1.24147147147 2.85640166172
1.24147147147 1.01229435226
1.24846846847 2.87010343536
1.24846846847 1.0207387974
1.25546546547 2.87714753534
1.25546546547 1.01482378376
1.26246246246 2.85968581149
1.26246246246 1.0181331624
1.26945945946 2.90202202502
1.26945945946 1.03021408206
1.27645645646 2.86893271247
1.27645645646 1.00595329473
1.28345345345 2.82496288835
1.28345345345 1.00994426914
1.29045045045 2.87776361626
1.29045045045 1.03726165836
1.29744744745 2.91922841616
1.29744744745 1.0522910133
1.30444444444 2.97661158469
1.30444444444 1.00545821782
1.31144144144 2.92769035768
1.31144144144 1.04507987035
1.31843843844 2.94443602768
1.31843843844 1.02932752115
1.32543543544 2.90397221376
1.32543543544 1.01866156893
1.33243243243 2.85805668237
1.33243243243 1.04324909578
1.33942942943 2.98596130696
1.33942942943 1.06589178638
1.34642642643 2.99642506519
1.34642642643 1.01857382529
1.35342342342 2.92930534084
1.35342342342 1.03618180012
1.36042042042 3.01336875833
1.36042042042 1.04039673775
1.36741741742 2.94836804551
1.36741741742 1.02067288456
1.37441441441 2.84359490423
1.37441441441 1.02237542044
1.38141141141 2.90757595852
1.38141141141 1.02028948476
1.38840840841 2.80865587619
1.38840840841 1.03456585795
1.39540540541 2.9488709008
1.39540540541 1.01468523775
1.4024024024 2.95109232539
1.4024024024 1.05295881275
1.4093993994 2.94404429884
1.4093993994 1.03070698283
1.4163963964 3.03036482304
1.4163963964 1.0446375581
1.42339339339 3.01026697846
1.42339339339 1.02854667258
1.43039039039 2.99356830324
1.43039039039 1.02349639251
1.43738738739 2.97407761573
1.43738738739 1.0368255112
1.44438438438 2.9626944283
1.44438438438 1.02465720007
1.45138138138 3.10035844635
1.45138138138 1.00838353489
1.45837837838 3.06441724899
1.45837837838 1.01282408306
1.46537537538 3.02450788777
1.46537537538 1.0169581694
1.47237237237 2.94272533779
1.47237237237 1.00109605039
1.47936936937 3.01797967406
1.47936936937 1.01707937923
1.48636636637 3.11060075509
1.48636636637 1.03274536725
1.49336336336 2.98844345231
1.49336336336 1.01356928934
1.50036036036 3.0887990244
1.50036036036 1.06566675486
1.50735735736 3.07987551117
1.50735735736 1.0235850739
1.51435435435 2.94094706187
1.51435435435 1.02007477643
1.52135135135 2.97374358505
1.52135135135 1.04300279808
1.52834834835 3.01088115685
1.52834834835 1.04165429521
1.53534534535 3.06084589574
1.53534534535 1.01347283363
1.54234234234 3.10328923216
1.54234234234 1.05674712458
1.54933933934 3.05095767234
1.54933933934 1.0295453121
1.55633633634 3.06769650163
1.55633633634 1.09325578571
1.56333333333 3.15683199299
1.56333333333 1.04276178571
1.57033033033 3.17845193675
1.57033033033 1.10908368464
1.57732732733 3.22877507004
1.57732732733 1.01746973292
1.58432432432 3.16080375716
1.58432432432 1.01868201073
1.59132132132 3.19536692803
1.59132132132 1.00231356125
1.59831831832 3.08282488456
1.59831831832 1.06138573632
1.60531531532 3.12657233444
1.60531531532 1.0645827986
1.61231231231 3.15392727696
1.61231231231 1.00896363455
1.61930930931 3.21164739099
1.61930930931 1.0599853675
1.62630630631 3.22295747044
1.62630630631 1.04391523167
1.6333033033 3.23627718928
1.6333033033 1.033147808
1.6403003003 3.1769356592
1.6403003003 1.02398275357
1.6472972973 3.06153325409
1.6472972973 1.00830347856
1.65429429429 3.1608501164
1.65429429429 1.02420875013
1.66129129129 3.10899327864
1.66129129129 1.06642090631
1.66828828829 3.12880675969
1.66828828829 1.03304905808
1.67528528529 3.19460799059
1.67528528529 1.03460742032
1.68228228228 3.25461180824
1.68228228228 1.04062342853
1.68927927928 3.20333416204
1.68927927928 1.01852603246
1.69627627628 3.15207309327
1.69627627628 1.01959417197
1.70327327327 3.18098996402
1.70327327327 1.02604652084
1.71027027027 3.2142762457
1.71027027027 1.00189309945
1.71726726727 3.23428009043
1.71726726727 1.00926583125
1.72426426426 3.20195745208
1.72426426426 1.00428715845
1.73126126126 3.2597610786
1.73126126126 1.0380881485
1.73825825826 3.25966383478
1.73825825826 1.03956074085
1.74525525526 3.20922472607
1.74525525526 1.02977695122
1.75225225225 3.27852079163
1.75225225225 1.00919753218
1.75924924925 3.31107209473
1.75924924925 1.06219185285
1.76624624625 3.21067439224
1.76624624625 1.05221844236
1.77324324324 3.10425489035
1.77324324324 1.04234315364
1.78024024024 3.27210284257
1.78024024024 1.14863392647
1.78723723724 3.46634859377
1.78723723724 1.08501221842
1.79423423423 3.47607638138
1.79423423423 1.06806158387
1.80123123123 3.22461027642
1.80123123123 1.01989469246
1.80822822823 3.32835398795
1.80822822823 1.04930665181
1.81522522523 3.33465937237
1.81522522523 1.07813733413
1.82222222222 3.44087908292
1.82222222222 1.11174714288
1.82921921922 3.33524507521
1.82921921922 1.0732072423
1.83621621622 3.55794860073
1.83621621622 1.04460751032
1.84321321321 3.60764667265
1.84321321321 1.02328856214
1.85021021021 3.61813721372
1.85021021021 1.02865242799
1.85720720721 3.46897307313
1.85720720721 1.04961146078
1.8642042042 3.64730934201
1.8642042042 1.07438975804
1.8712012012 3.6082800075
1.8712012012 1.0077986521
1.8781981982 3.69334514674
1.8781981982 1.01115464825
1.8851951952 3.67607293694
1.8851951952 1.06522481936
1.89219219219 3.54691042705
1.89219219219 1.06420111808
1.89918918919 3.48957347941
1.89918918919 1.02736694726
1.90618618619 3.86311234241
1.90618618619 1.02122104011
1.91318318318 4.21745812188
1.91318318318 1.01636571082
1.92018018018 4.34943578935
1.92018018018 1.01720464387
1.92717717718 3.66738787863
1.92717717718 1.04031752065
1.93417417417 3.7317047286
1.93417417417 1.03279528851
1.94117117117 3.33985966822
1.94117117117 1.0621404496
1.94816816817 3.76314075728
1.94816816817 1.03313801676
1.95516516517 3.91080857374
1.95516516517 1.01187534663
1.96216216216 3.76839122234
1.96216216216 1.04785509231
1.96915915916 3.68026907935
1.96915915916 1.13329605847
1.97615615616 3.69580677768
1.97615615616 1.05634455917
1.98315315315 3.71633709163
1.98315315315 1.08608902599
1.99015015015 3.70490232435
1.99015015015 1.04811743597
1.99714714715 3.70843832846
1.99714714715 1.01187858531
2.00414414414 3.78519523324
2.00414414414 1.0738759685
2.01114114114 3.77983440634
2.01114114114 1.02720301847
2.01813813814 3.4718024266
2.01813813814 1.05862017079
2.02513513514 3.68818906709
2.02513513514 1.0714514584
2.03213213213 3.82999317256
2.03213213213 1.00447631346
2.03912912913 3.82816030218
2.03912912913 1.09257130491
2.04612612613 3.88426106257
2.04612612613 1.03094544081
2.05312312312 3.70100778484
2.05312312312 1.02414823672
2.06012012012 3.63663738943
2.06012012012 1.05516558137
2.06711711712 3.9798676648
2.06711711712 1.10191470507
2.07411411411 3.94780675995
2.07411411411 1.01792489577
2.08111111111 3.87766910311
2.08111111111 1.03205894229
2.08810810811 3.7904390812
2.08810810811 1.07916300041
2.09510510511 3.91418641701
2.09510510511 1.01786593183
2.1021021021 3.86126111678
2.1021021021 1.04752892708
2.1090990991 3.88257671691
2.1090990991 1.03364202154
2.1160960961 4.04023897983
2.1160960961 1.05352188522
2.12309309309 3.76281902851
2.12309309309 1.0277895193
2.13009009009 3.8451745892
2.13009009009 1.02936846445
2.13708708709 3.81052092596
2.13708708709 1.04288196145
2.14408408408 3.77449780191
2.14408408408 1.05679510295
2.15108108108 3.75978899295
2.15108108108 1.06115293088
2.15807807808 3.47909508331
2.15807807808 1.05577565144
2.16507507508 3.8612995521
2.16507507508 1.03543380323
2.17207207207 3.75677612746
2.17207207207 1.02720234977
2.17906906907 3.7388972113
2.17906906907 1.01932234921
2.18606606607 3.85005544184
2.18606606607 1.07491026839
2.19306306306 3.79473693171
2.19306306306 1.06300416456
2.20006006006 3.67993425835
2.20006006006 1.02802513883
2.20705705706 3.77352774251
2.20705705706 1.0371278666
2.21405405405 3.41289497556
2.21405405405 1.01290505376
2.22105105105 3.88137246827
2.22105105105 1.01698004957
2.22804804805 3.91406168601
2.22804804805 1.04647667837
2.23504504505 3.78667469708
2.23504504505 1.02652063874
2.24204204204 3.639406539
2.24204204204 1.02754455702
2.24903903904 3.90867224653
2.24903903904 1.0331965292
2.25603603604 3.8244492861
2.25603603604 1.14701421087
2.26303303303 3.94962736597
2.26303303303 1.02767954896
2.27003003003 3.98697247625
2.27003003003 1.03697254441
2.27702702703 3.98135064197
2.27702702703 1.05485615891
2.28402402402 3.95931821665
2.28402402402 1.03778314733
2.29102102102 3.93488198578
2.29102102102 1.01166913537
2.29801801802 3.82818505206
2.29801801802 1.03515318449
2.30501501502 3.8276204654
2.30501501502 1.12256213748
2.31201201201 4.02272060696
2.31201201201 1.04001402257
2.31900900901 4.04566913695
2.31900900901 1.07497431173
2.32600600601 3.86957502697
2.32600600601 1.04961817976
2.333003003 3.93046931054
2.333003003 1.04344087371
2.34 3.86027468795
2.34 1.04789927055
2.346996997 3.86997227382
2.346996997 1.0300388332
2.35399399399 3.94270983467
2.35399399399 1.0297175217
2.36099099099 4.0213435806
2.36099099099 1.07210332997
2.36798798799 3.86633791033
2.36798798799 1.00347524331
2.37498498498 4.0314639912
2.37498498498 1.02552737266
2.38198198198 4.05298607856
2.38198198198 1.12561819464
2.38897897898 3.79522359508
2.38897897898 1.07610892231
2.39597597598 3.99814352702
2.39597597598 1.04609563831
2.40297297297 3.82438841148
2.40297297297 1.03476269209
2.40996996997 4.09975327378
2.40996996997 1.01878252284
2.41696696697 4.08263648403
2.41696696697 1.08599495721
2.42396396396 3.6716231011
2.42396396396 1.09196618042
2.43096096096 4.11276734593
2.43096096096 1.04861358005
2.43795795796 4.08124201563
2.43795795796 1.02574770797
2.44495495495 4.18567818422
2.44495495495 1.0831416569
2.45195195195 4.04407297683
2.45195195195 1.03774453204
2.45894894895 3.90131296061
2.45894894895 1.1539757012
2.46594594595 3.88502606501
2.46594594595 1.04140117963
2.47294294294 4.05055498334
2.47294294294 1.0540261304
2.47993993994 4.07513164012
2.47993993994 1.08944366818
2.48693693694 4.08223498479
2.48693693694 1.09312668203
2.49393393393 3.92199699066
2.49393393393 1.11260985432
2.50093093093 3.97628272537
2.50093093093 1.00563733015
2.50792792793 4.16182852046
2.50792792793 1.11053000964
2.51492492492 3.95384438353
2.51492492492 1.06738621613
2.52192192192 4.10753596963
2.52192192192 1.05576200227
2.52891891892 3.95127719481
2.52891891892 1.05434901356
2.53591591592 4.05752129287
2.53591591592 1.03734562689
2.54291291291 4.03989752186
2.54291291291 1.05418226357
2.54990990991 4.04078778036
2.54990990991 1.03809255474
2.55690690691 4.10602888813
2.55690690691 1.03118580578
2.5639039039 4.11981830101
2.5639039039 1.03523221478
2.5709009009 4.0362629866
2.5709009009 1.08109704495
2.5778978979 4.13568421181
2.5778978979 1.05616151398
2.58489489489 4.24011360088
2.58489489489 1.03007739467
2.59189189189 4.16663743508
2.59189189189 1.04185489334
2.59888888889 4.15116590537
2.59888888889 1.15813323234
2.60588588589 4.14262686091
2.60588588589 1.06365942843
2.61288288288 4.08406227403
2.61288288288 1.07528350321
2.61987987988 4.23709105038
2.61987987988 1.04420965534
2.62687687688 4.11469542771
2.62687687688 1.03614812481
2.63387387387 4.00844095855
2.63387387387 1.02350929019
2.64087087087 4.23186456201
2.64087087087 1.02062384258
2.64786786787 4.15374207297
2.64786786787 1.03735224792
2.65486486486 4.3629474523
2.65486486486 1.15308442434
2.66186186186 4.10747895775
2.66186186186 1.09528878053
2.66885885886 4.01557037605
2.66885885886 1.09194372422
2.67585585586 4.18713214021
2.67585585586 1.0268863135
2.68285285285 4.29571001027
2.68285285285 1.02773898713
2.68984984985 4.36221832588
2.68984984985 1.03212426307
2.69684684685 4.32801836012
2.69684684685 1.02164781569
2.70384384384 4.2394687164
2.70384384384 1.06451716392
2.71084084084 4.27316295271
2.71084084084 1.01381268523
2.71783783784 4.18449262968
2.71783783784 1.01209080409
2.72483483483 4.16991468222
2.72483483483 1.05710420183
2.73183183183 4.09489597614
2.73183183183 1.05768567612
2.73882882883 4.23196945611
2.73882882883 1.04053386363
2.74582582583 4.1494617658
2.74582582583 1.00634914761
2.75282282282 4.18929801534
2.75282282282 1.04437802739
2.75981981982 4.43558926488
2.75981981982 1.09663172736
2.76681681682 4.19440804661
2.76681681682 1.02537125094
2.77381381381 4.37690726629
2.77381381381 1.06293015995
2.78081081081 4.01449334065
2.78081081081 1.00244911642
2.78780780781 4.31585874037
2.78780780781 1.07528179102
2.7948048048 4.39610910942
2.7948048048 1.08972826468
2.8018018018 4.30840201749
2.8018018018 1.03402336953
2.8087987988 4.39965346749
2.8087987988 1.08502547332
2.8157957958 4.24317026889
2.8157957958 1.04968459051
2.82279279279 4.43832438797
2.82279279279 1.03209094968
2.82978978979 4.19985767786
2.82978978979 1.07263935874
2.83678678679 4.41697675036
2.83678678679 1.15063279028
2.84378378378 4.40741126513
2.84378378378 1.03399689708
2.85078078078 4.30175552787
2.85078078078 1.04286899837
2.85777777778 4.29750840821
2.85777777778 1.09216270088
2.86477477477 4.2041402165
2.86477477477 1.15002856826
2.87177177177 4.04026170718
2.87177177177 1.05321463292
2.87876876877 4.36623128418
2.87876876877 1.00669018165
2.88576576577 4.32375387353
2.88576576577 1.09634003579
2.89276276276 4.47355316689
2.89276276276 1.07711294289
2.89975975976 4.29335361239
2.89975975976 1.09764103803
2.90675675676 4.38600922732
2.90675675676 1.0678038519
2.91375375375 4.60953085018
2.91375375375 1.02766479411
2.92075075075 4.10121781528
2.92075075075 1.12881668839
2.92774774775 4.51137988201
2.92774774775 1.06972352515
2.93474474474 4.39576653102
2.93474474474 1.01235448018
2.94174174174 4.35800167979
2.94174174174 1.01027494211
2.94873873874 4.49125882834
2.94873873874 1.05665776097
2.95573573574 4.43558122455
2.95573573574 1.03554458293
2.96273273273 4.48986484924
2.96273273273 1.01856256272
2.96972972973 4.28813246959
2.96972972973 1.02185569757
2.97672672673 4.34013209011
2.97672672673 1.00324488948
2.98372372372 4.52568751726
2.98372372372 1.05890228619
2.99072072072 4.38768351357
2.99072072072 1.06509214591
2.99771771772 4.34567126018
2.99771771772 1.08445975047
3.00471471471 4.31058719564
3.00471471471 1.06004311501
3.01171171171 4.34494669915
3.01171171171 1.20749601364
3.01870870871 4.43117481604
3.01870870871 1.07695619074
3.02570570571 4.57441743129
3.02570570571 1.01397417538
3.0327027027 4.50974319199
3.0327027027 1.10462917764
3.0396996997 4.42768292565
3.0396996997 1.19468663663
3.0466966967 4.38981294804
3.0466966967 1.11482620504
3.05369369369 4.37518418568
3.05369369369 1.09269845169
3.06069069069 4.61312980768
3.06069069069 1.05070322304
3.06768768769 4.51289400113
3.06768768769 1.02983743308
3.07468468468 4.3774095117
3.07468468468 1.03433751408
3.08168168168 4.56772553447
3.08168168168 1.08637600652
3.08867867868 4.37129828041
3.08867867868 1.02975867512
3.09567567568 4.5425674203
3.09567567568 1.11446580738
3.10267267267 4.55847507418
3.10267267267 1.1026861998
3.10966966967 4.38560130765
3.10966966967 1.05930906948
3.11666666667 4.64132980088
3.11666666667 1.03956500361
3.12366366366 4.43145788482
3.12366366366 1.06145755487
3.13066066066 4.35410317328
3.13066066066 1.02947270943
3.13765765766 4.76327258018
3.13765765766 1.04147295845
3.14465465465 4.7012448085
3.14465465465 1.04493790037
3.15165165165 4.25955292367
3.15165165165 1.05521060262
3.15864864865 4.41216451343
3.15864864865 1.12899914627
3.16564564565 4.60778715021
3.16564564565 1.04139906183
3.17264264264 4.80533496959
3.17264264264 1.1471454907
3.17963963964 4.75539236575
3.17963963964 1.02378961151
3.18663663664 4.64029248708
3.18663663664 1.05756148898
3.19363363363 4.66398346403
3.19363363363 1.05510992194
3.20063063063 4.87941011571
3.20063063063 1.03239010198
3.20762762763 4.50488348695
3.20762762763 1.01693735082
3.21462462462 4.74638370382
3.21462462462 1.13298383091
3.22162162162 4.57449186911
3.22162162162 1.07790624827
3.22861861862 4.50628432955
3.22861861862 1.10440153379
3.23561561562 4.74236497381
3.23561561562 1.15342175509
3.24261261261 4.43545016124
3.24261261261 1.10431270033
3.24960960961 4.56394000689
3.24960960961 1.07133002695
3.25660660661 4.70342772743
3.25660660661 1.04486595308
3.2636036036 4.82076659729
3.2636036036 1.04685145312
3.2706006006 4.78154161705
3.2706006006 1.08133935927
3.2775975976 4.71103852543
3.2775975976 1.12153285271
3.28459459459 4.54505061291
3.28459459459 1.03017924817
3.29159159159 4.64928017608
3.29159159159 1.00823491408
3.29858858859 4.76488601451
3.29858858859 1.04858561943
3.30558558559 4.73869480108
3.30558558559 1.06185783648
3.31258258258 4.63259040477
3.31258258258 1.03405230182
3.31957957958 4.72858109241
3.31957957958 1.06243458077
3.32657657658 4.91095649933
3.32657657658 1.08392677504
3.33357357357 4.77348780268
3.33357357357 1.05344326947
3.34057057057 4.8313442283
3.34057057057 1.09683720885
3.34756756757 4.5638138254
3.34756756757 1.0626400582
3.35456456456 4.77911557176
3.35456456456 1.03870498403
3.36156156156 4.76481916769
3.36156156156 1.07704117284
3.36855855856 4.90822368932
3.36855855856 1.04497820919
3.37555555556 4.63956970621
3.37555555556 1.04237528367
3.38255255255 4.47649880646
3.38255255255 1.01287764215
3.38954954955 4.57142958569
3.38954954955 1.10136917828
3.39654654655 4.80236274456
3.39654654655 1.02992525623
3.40354354354 4.61171014874
3.40354354354 1.01034986035
3.41054054054 4.49007112485
3.41054054054 1.08280067186
3.41753753754 4.79856288501
3.41753753754 1.10687542507
3.42453453453 4.85172369697
3.42453453453 1.03434424738
3.43153153153 4.53466870721
3.43153153153 1.09968945596
3.43852852853 4.55661259041
3.43852852853 1.03942033
3.44552552553 4.95058032279
3.44552552553 1.01966701363
3.45252252252 4.66465895236
3.45252252252 1.03989168959
3.45951951952 4.95773348412
3.45951951952 1.09376350217
3.46651651652 4.78316310111
3.46651651652 1.11403453191
3.47351351351 5.11744735062
3.47351351351 1.04853697083
3.48051051051 4.85024256627
3.48051051051 1.07003678691
3.48750750751 4.64189540833
3.48750750751 1.16874354997
3.4945045045 4.58855549928
3.4945045045 1.00374997321
3.5015015015 4.96096454051
3.5015015015 1.10514742251
3.5084984985 4.94943507843
3.5084984985 1.07757505515
3.5154954955 4.70226097274
3.5154954955 1.04450801984
3.52249249249 5.0220471464
3.52249249249 1.10410861667
3.52948948949 4.6979071509
3.52948948949 1.05973029771
3.53648648649 4.72604738231
3.53648648649 1.05754286633
3.54348348348 4.90353813693
3.54348348348 1.22475898833
3.55048048048 4.84957126666
3.55048048048 1.00143363281
3.55747747748 4.92047827626
3.55747747748 1.05382550765
3.56447447447 4.67991746104
3.56447447447 1.03182983184
3.57147147147 4.79334057521
3.57147147147 1.06271791383
3.57846846847 5.18156421855
3.57846846847 1.11291453548
3.58546546547 5.06305619111
3.58546546547 1.13182162042
3.59246246246 5.01370815022
3.59246246246 1.09983682173
3.59945945946 5.0267415001
3.59945945946 1.16648208513
3.60645645646 5.00944190616
3.60645645646 1.01524440603
3.61345345345 5.02464100757
3.61345345345 1.04763471264
3.62045045045 4.92952502714
3.62045045045 1.01968036782
3.62744744745 4.85236716825
3.62744744745 1.04414762619
3.63444444444 5.05503868732
3.63444444444 1.05795510483
3.64144144144 4.99958770751
3.64144144144 1.08614911984
3.64843843844 4.9440283768
3.64843843844 1.31489195416
3.65543543544 4.95402392882
3.65543543544 1.09046972704
3.66243243243 5.12791867663
3.66243243243 1.19701667382
3.66942942943 5.03804528777
3.66942942943 1.07137302071
3.67642642643 4.84148408596
3.67642642643 1.11435153156
3.68342342342 4.70227987891
3.68342342342 1.0165530207
3.69042042042 4.88717963283
3.69042042042 1.08020014476
3.69741741742 4.98378602905
3.69741741742 1.12956031985
3.70441441441 5.04132298876
3.70441441441 1.12210927101
3.71141141141 5.08516380309
3.71141141141 1.08989156349
3.71840840841 4.814175373
3.71840840841 1.13215173149
3.72540540541 4.73434267659
3.72540540541 1.15013487537
3.7324024024 4.69487289239
3.7324024024 1.08029299576
3.7393993994 5.18883564931
3.7393993994 1.05739190081
3.7463963964 4.83883914615
3.7463963964 1.18494024322
3.75339339339 4.89324277384
3.75339339339 1.28334428205
3.76039039039 4.96832490132
3.76039039039 1.14681689386
3.76738738739 5.1068963647
3.76738738739 1.08032024371
3.77438438438 5.18725084324
3.77438438438 1.07990431366
3.78138138138 4.77099180222
3.78138138138 1.09487111146
3.78837837838 4.71310137662
3.78837837838 1.29684739626
3.79537537538 5.09440216178
3.79537537538 1.12580767662
3.80237237237 5.10305276804
3.80237237237 1.04362531249
3.80936936937 4.95307329216
3.80936936937 1.13016521962
3.81636636637 4.86940212422
3.81636636637 1.02213423869
3.82336336336 4.87800284904
3.82336336336 1.27004570473
3.83036036036 5.0569796712
3.83036036036 1.05982761421
3.83735735736 4.74483103776
3.83735735736 1.05502788681
3.84435435435 5.08534088614
3.84435435435 1.14335550416
3.85135135135 4.78639080669
3.85135135135 1.04329960691
3.85834834835 5.08165877165
3.85834834835 1.16908960105
3.86534534535 4.9997114025
3.86534534535 1.01605180041
3.87234234234 4.95301090115
3.87234234234 1.04286691265
3.87933933934 5.02212469652
3.87933933934 1.10128441927
3.88633633634 4.98178061152
3.88633633634 1.02152011078
3.89333333333 5.50116169633
3.89333333333 1.05789116856
3.90033033033 5.12267375998
3.90033033033 1.0240863418
3.90732732733 5.13784228825
3.90732732733 1.13218500674
3.91432432432 5.45001269656
3.91432432432 1.1031366265
3.92132132132 5.30259066772
3.92132132132 1.05252731591
3.92831831832 5.30773428414
3.92831831832 1.10612193582
3.93531531532 5.02397986036
3.93531531532 1.03941200949
3.94231231231 5.1024249811
3.94231231231 1.25713802478
3.94930930931 5.21296872755
3.94930930931 1.12306704532
3.95630630631 4.95688892746
3.95630630631 1.00135272588
3.9633033033 5.60603909977
3.9633033033 1.06450973542
3.9703003003 5.12993963194
3.9703003003 1.16904043469
3.9772972973 4.7431407315
3.9772972973 1.16626070302
3.98429429429 5.61488465836
3.98429429429 1.08559847049
3.99129129129 5.22045518894
3.99129129129 1.04097092132
3.99828828829 5.12004862063
3.99828828829 1.03224912706
4.00528528529 5.06146357791
4.00528528529 1.17426574194
4.01228228228 5.11102726946
4.01228228228 1.09563436781
4.01927927928 5.03809858378
4.01927927928 1.03510395847
4.02627627628 5.8112169845
4.02627627628 1.21153556476
4.03327327327 5.16412859883
4.03327327327 1.06152737819
4.04027027027 5.08910197284
4.04027027027 1.21997677076
4.04726726727 5.68477108311
4.04726726727 1.06531171737
4.05426426426 4.98725654094
4.05426426426 1.08875898751
4.06126126126 5.40173170945
4.06126126126 1.08844452144
4.06825825826 5.52629272054
4.06825825826 1.03659410626
4.07525525526 5.18738486329
4.07525525526 1.01839259231
4.08225225225 4.94931879314
4.08225225225 1.00426072338
4.08924924925 4.97415381789
4.08924924925 1.10528930873
4.09624624625 5.06112332414
4.09624624625 1.03263240727
4.10324324324 5.35036516842
4.10324324324 1.15334507911
4.11024024024 5.71574858768
4.11024024024 1.10876719829
4.11723723724 5.68732200333
4.11723723724 1.01977177186
4.12423423423 5.28314474164
4.12423423423 1.06677145522
4.13123123123 5.24176686471
4.13123123123 1.1888414976
4.13822822823 5.40629871017
4.13822822823 1.05277865975
4.14522522523 5.62352341629
4.14522522523 1.2882520861
4.15222222222 5.25324979594
4.15222222222 1.39898365681
4.15921921922 5.21354009107
4.15921921922 1.08341575783
4.16621621622 4.7177774307
4.16621621622 1.02244197605
4.17321321321 5.07749283343
4.17321321321 1.15906510665
4.18021021021 5.42368747366
4.18021021021 1.11152342027
4.18720720721 5.23392758129
4.18720720721 1.08834671807
4.1942042042 5.15996580863
4.1942042042 1.0249504103
4.2012012012 5.67986257886
4.2012012012 1.11359128768
4.2081981982 5.60998241745
4.2081981982 1.02921223025
4.2151951952 4.90134598739
4.2151951952 1.14972357776
4.22219219219 5.11143735885
4.22219219219 1.08295218799
4.22918918919 5.19110338543
4.22918918919 1.48389982793
4.23618618619 5.16625073562
4.23618618619 1.19425304272
4.24318318318 5.15332008599
4.24318318318 1.11009869959
4.25018018018 5.80106220569
4.25018018018 1.01130099449
4.25717717718 5.20440900926
4.25717717718 1.02800153191
4.26417417417 5.10648806657
4.26417417417 1.08000955884
4.27117117117 5.4310053065
4.27117117117 1.03290605848
4.27816816817 5.18052300733
4.27816816817 1.06063746076
4.28516516517 5.9181812637
4.28516516517 1.07366377704
4.29216216216 5.36564809005
4.29216216216 1.24785844809
4.29915915916 5.65327018099
4.29915915916 1.10899514878
4.30615615616 5.60112592814
4.30615615616 1.27910450514
4.31315315315 5.32079617311
4.31315315315 1.04215462261
4.32015015015 5.21272580124
4.32015015015 1.08737008764
4.32714714715 4.91413754394
4.32714714715 1.15278069651
4.33414414414 4.93999599838
4.33414414414 1.09768555333
4.34114114114 5.39002592917
4.34114114114 1.02227193706
4.34813813814 5.38162764177
4.34813813814 1.01647752616
4.35513513514 5.7117268134
4.35513513514 1.1699400024
4.36213213213 5.43546288672
4.36213213213 1.21065821452
4.36912912913 5.19812291719
4.36912912913 1.02644147985
4.37612612613 5.68103252932
4.37612612613 1.07230984252
4.38312312312 5.50517431823
4.38312312312 1.22219843961
4.39012012012 5.70503868768
4.39012012012 1.03058099314
4.39711711712 5.5039784824
4.39711711712 1.47600053055
4.40411411411 5.39356231361
4.40411411411 1.19744925158
4.41111111111 5.22874963818
4.41111111111 1.18849864717
4.41810810811 5.50577561893
4.41810810811 1.08059615482
4.42510510511 5.85645826931
4.42510510511 1.12592870514
4.4321021021 5.68081244626
4.4321021021 1.06007686063
4.4390990991 6.09542867035
4.4390990991 1.04791998841
4.4460960961 5.7570317061
4.4460960961 1.16179653596
4.45309309309 5.17595916275
4.45309309309 1.01573082832
4.46009009009 5.40309310023
4.46009009009 1.0110339664
4.46708708709 5.86429660622
4.46708708709 1.09808306761
4.47408408408 5.41302483223
4.47408408408 1.0714722842
4.48108108108 5.48303924707
4.48108108108 1.46792766293
4.48807807808 5.95731774248
4.48807807808 1.12774558919
4.49507507508 5.24734398089
4.49507507508 1.08649387561
4.50207207207 5.17992070132
4.50207207207 1.12764554552
4.50906906907 5.88869213751
4.50906906907 1.11766993058
4.51606606607 5.81967260671
4.51606606607 1.04984435973
4.52306306306 5.7631783548
4.52306306306 1.33900144237
4.53006006006 5.2406653633
4.53006006006 1.05406522086
4.53705705706 5.69132392585
4.53705705706 1.05499949779
4.54405405405 5.80756043438
4.54405405405 1.08566927977
4.55105105105 5.07779325647
4.55105105105 1.09670082647
4.55804804805 5.76228680361
4.55804804805 1.0285819918
4.56504504505 5.31654789198
4.56504504505 1.11607449489
4.57204204204 5.10371120157
4.57204204204 1.1871945603
4.57903903904 5.67650002404
4.57903903904 1.01368183939
4.58603603604 5.57464290468
4.58603603604 1.15839868745
4.59303303303 5.86988422687
4.59303303303 1.227881641
4.60003003003 5.44676368444
4.60003003003 1.07569796216
4.60702702703 5.71412301449
4.60702702703 1.0834641979
4.61402402402 5.86991382005
4.61402402402 1.06317949754
4.62102102102 6.00488297721
4.62102102102 1.15476818643
4.62801801802 5.35494102676
4.62801801802 1.14023607675
4.63501501502 6.17041049863
4.63501501502 1.02707605204
4.64201201201 5.6122693591
4.64201201201 1.05141220379
4.64900900901 5.71268818097
4.64900900901 1.19755901278
4.65600600601 6.22537175066
4.65600600601 1.14362563152
4.663003003 5.82541335974
4.663003003 1.11653497153
4.67 5.87674954486
4.67 1.06782738265
4.676996997 6.16078598036
4.676996997 1.04883837469
4.68399399399 5.71668231108
4.68399399399 1.13242544967
4.69099099099 6.2058298207
4.69099099099 1.02883753569
4.69798798799 6.03698638974
4.69798798799 1.03990970227
4.70498498498 5.88311518814
4.70498498498 1.15569562575
4.71198198198 5.74128173784
4.71198198198 1.01613786053
4.71897897898 5.82798308735
4.71897897898 1.09721417892
4.72597597598 5.78201059865
4.72597597598 1.11716866326
4.73297297297 6.31244529392
4.73297297297 1.004084478
4.73996996997 5.44834289805
4.73996996997 1.09095130911
4.74696696697 5.63607040937
4.74696696697 1.07371670933
4.75396396396 5.83980256975
4.75396396396 1.02388858106
4.76096096096 6.10168933464
4.76096096096 1.05521290796
4.76795795796 5.96070683366
4.76795795796 1.03552906288
4.77495495495 5.84859351958
4.77495495495 1.09802516566
4.78195195195 6.03239940302
4.78195195195 1.0577987862
4.78894894895 6.08766054584
4.78894894895 1.31925027432
4.79594594595 6.20558518526
4.79594594595 1.10590292316
4.80294294294 5.93741135213
4.80294294294 1.04629526589
4.80993993994 5.05647761645
4.80993993994 1.08596706348
4.81693693694 5.60084621477
4.81693693694 1.07551379718
4.82393393393 5.38337928717
4.82393393393 1.06126611087
4.83093093093 6.03311699248
4.83093093093 1.11979662221
4.83792792793 5.08510662306
4.83792792793 1.03979262845
4.84492492492 6.12869597666
4.84492492492 1.02243567542
4.85192192192 6.02617191166
4.85192192192 1.11122852325
4.85891891892 5.31894606933
4.85891891892 1.25093682652
4.86591591592 5.71692786965
4.86591591592 1.22264740324
4.87291291291 5.48281754732
4.87291291291 1.05709561288
4.87990990991 6.06963497293
4.87990990991 1.12885436292
4.88690690691 6.03278078118
4.88690690691 1.02136312973
4.8939039039 5.72629890712
4.8939039039 1.03048928308
4.9009009009 5.31196935333
4.9009009009 1.04200939625
4.9078978979 6.06857592919
4.9078978979 1.07606300703
4.91489489489 5.94290392891
4.91489489489 1.23019153118
4.92189189189 6.37750301731
4.92189189189 1.09140568289
4.92888888889 5.9159987569
4.92888888889 1.10852243296
4.93588588589 5.24546028005
4.93588588589 1.19316127394
4.94288288288 6.24543357457
4.94288288288 1.06777105634
4.94987987988 6.06439769339
4.94987987988 1.12554756194
4.95687687688 6.04686845632
4.95687687688 1.07109507753
4.96387387387 5.84040533297
4.96387387387 1.04438814403
4.97087087087 5.44624630042
4.97087087087 1.24125472736
4.97786786787 6.01623763677
4.97786786787 1.27686946423
4.98486486486 5.76541115358
4.98486486486 1.01426201248
4.99186186186 5.90437950585
4.99186186186 1.06466635049
4.99885885886 6.04928032744
4.99885885886 1.08482526071
5.00585585586 6.04982240798
5.00585585586 1.08619136632
5.01285285285 6.19351152917
5.01285285285 1.02521795643
5.01984984985 6.32004110807
5.01984984985 1.10010697996
5.02684684685 6.07307012385
5.02684684685 1.0998122954
5.03384384384 6.05851640553
5.03384384384 1.33990683152
5.04084084084 6.0206783149
5.04084084084 1.01818473352
5.04783783784 5.29765355945
5.04783783784 1.0934007021
5.05483483483 6.38414213425
5.05483483483 1.322791293
5.06183183183 5.94142965007
5.06183183183 1.26181668281
5.06882882883 6.09705898012
5.06882882883 1.09467828793
5.07582582583 6.06148997262
5.07582582583 1.08489151562
5.08282282282 5.99161338118
5.08282282282 1.26052655145
5.08981981982 6.07294908147
5.08981981982 1.07042465425
5.09681681682 5.89202105617
5.09681681682 1.06374972505
5.10381381381 6.19055629222
5.10381381381 1.21467511535
5.11081081081 5.82948067854
5.11081081081 1.08199895856
5.11780780781 6.2581166896
5.11780780781 1.15841371278
5.1248048048 6.05513998615
5.1248048048 1.03615960258
5.1318018018 6.17758184916
5.1318018018 1.12504808856
5.1387987988 6.04707800964
5.1387987988 1.04811762647
5.1457957958 6.08001482984
5.1457957958 1.08323923242
5.15279279279 6.15258786772
5.15279279279 1.04231283934
5.15978978979 6.19673505608
5.15978978979 1.01048582942
5.16678678679 6.20082709168
5.16678678679 1.13181061188
5.17378378378 5.66696318123
5.17378378378 1.02026305463
5.18078078078 5.97252278161
5.18078078078 1.36975457153
5.18777777778 5.95730236794
5.18777777778 1.16630733294
5.19477477477 5.82233403045
5.19477477477 1.20212403407
5.20177177177 6.42762567308
5.20177177177 1.09926172875
5.20876876877 6.38011252287
5.20876876877 1.11784895846
5.21576576577 5.94581985831
5.21576576577 1.04096365257
5.22276276276 5.92465405713
5.22276276276 1.19338315932
5.22975975976 6.64206469983
5.22975975976 1.10149706596
5.23675675676 6.21654766766
5.23675675676 1.02220196105
5.24375375375 6.33103490244
5.24375375375 1.0684130257
5.25075075075 6.07480606499
5.25075075075 1.24950188296
5.25774774775 6.05483676308
5.25774774775 1.15565169356
5.26474474474 6.17028611421
5.26474474474 1.18499845316
5.27174174174 6.11370713777
5.27174174174 1.14184244561
5.27873873874 6.09398418715
5.27873873874 1.04232079788
5.28573573574 6.16503761113
5.28573573574 1.23391417818
5.29273273273 6.42978017744
5.29273273273 1.13493908972
5.29972972973 6.28299997354
5.29972972973 1.07897753985
5.30672672673 6.3288087314
5.30672672673 1.09331628917
5.31372372372 5.92089181928
5.31372372372 1.02868321801
5.32072072072 6.05511332413
5.32072072072 1.09079109931
5.32771771772 6.06184287749
5.32771771772 1.11428604833
5.33471471471 6.14428466341
5.33471471471 1.04714479268
5.34171171171 6.27972834406
5.34171171171 1.37090402091
5.34870870871 6.04658222757
5.34870870871 1.38560494427
5.35570570571 6.12654797475
5.35570570571 1.07755773417
5.3627027027 6.42330015794
5.3627027027 1.1615568424
5.3696996997 6.11483570273
5.3696996997 1.06345750635
5.3766966967 5.86564276718
5.3766966967 1.11051276681
5.38369369369 6.18529301547
5.38369369369 1.09499928598
5.39069069069 6.54282790142
5.39069069069 1.52098810568
5.39768768769 5.97523915736
5.39768768769 1.10525631403
5.40468468468 6.46809778573
5.40468468468 1.14660221086
5.41168168168 6.18219312029
5.41168168168 1.22615610454
5.41867867868 6.4070100515
5.41867867868 1.02427958558
5.42567567568 6.08320036925
5.42567567568 1.10582807814
5.43267267267 6.11586973172
5.43267267267 1.45371166269
5.43966966967 6.27994235131
5.43966966967 1.40200618661
5.44666666667 6.43106875085
5.44666666667 1.18305501883
5.45366366366 5.6580321523
5.45366366366 1.04200974476
5.46066066066 6.30463678156
5.46066066066 1.21205790534
5.46765765766 6.83900539188
5.46765765766 1.19639828516
5.47465465465 6.27304012621
5.47465465465 1.08162671319
5.48165165165 6.28815335297
5.48165165165 1.1155941354
5.48864864865 6.33186744298
5.48864864865 1.03276068155
5.49564564565 6.25832388578
5.49564564565 1.14899495578
5.50264264264 6.01820218493
5.50264264264 1.08173929311
5.50963963964 6.04963674041
5.50963963964 1.40271871887
5.51663663664 5.66648302291
5.51663663664 1.22834250902
5.52363363363 6.76675382999
5.52363363363 1.2704723468
5.53063063063 6.20339664671
5.53063063063 1.17349489622
5.53762762763 6.27127416011
5.53762762763 1.17326807321
5.54462462462 6.12657462446
5.54462462462 1.15065014242
5.55162162162 6.31878415775
5.55162162162 1.06612883861
5.55861861862 6.73498151184
5.55861861862 1.05064628815
5.56561561562 6.34500584632
5.56561561562 1.05682027657
5.57261261261 6.35116895795
5.57261261261 1.21420985989
5.57960960961 6.02098857088
5.57960960961 1.49695581214
5.58660660661 6.47738765761
5.58660660661 1.2665041735
5.5936036036 6.09169772263
5.5936036036 1.09731134471
5.6006006006 6.40470520838
5.6006006006 1.12393967345
5.6075975976 6.32242769515
5.6075975976 1.00556006956
5.61459459459 6.5233938024
5.61459459459 1.17121548877
5.62159159159 6.78721497688
5.62159159159 1.14568716977
5.62858858859 6.72214892623
5.62858858859 1.08904733214
5.63558558559 6.80393837038
5.63558558559 1.20346328145
5.64258258258 6.35937197579
5.64258258258 1.119324131
5.64957957958 5.83785818326
5.64957957958 1.13097392453
5.65657657658 6.5093548502
5.65657657658 1.10688037172
5.66357357357 5.81598835735
5.66357357357 1.04631821546
5.67057057057 6.74826453522
5.67057057057 1.12921527513
5.67756756757 6.45681240135
5.67756756757 1.45150518901
5.68456456456 6.4066642828
5.68456456456 1.26485712462
5.69156156156 6.43497925617
5.69156156156 1.05782799285
5.69855855856 6.49636638792
5.69855855856 1.05385114234
5.70555555556 6.17095192637
5.70555555556 1.16254010702
5.71255255255 6.35079327343
5.71255255255 1.06213479745
5.71954954955 6.38669006697
5.71954954955 1.17862307796
5.72654654655 6.44822052203
5.72654654655 1.01201689362
5.73354354354 6.42649196924
5.73354354354 1.34670352901
5.74054054054 6.50244102294
5.74054054054 1.06128263333
5.74753753754 6.66064132018
5.74753753754 1.07388830497
5.75453453453 5.83470167877
5.75453453453 1.2942902434
5.76153153153 6.42194159937
5.76153153153 1.10831144814
5.76852852853 6.64168176585
5.76852852853 1.24885353809
5.77552552553 6.53281892375
5.77552552553 1.30985186671
5.78252252252 6.33404778751
5.78252252252 1.07908775078
5.78951951952 6.33999673158
5.78951951952 1.06199425446
5.79651651652 6.80078290532
5.79651651652 1.30205438167
5.80351351351 5.98946195717
5.80351351351 1.07929827154
5.81051051051 6.33071410743
5.81051051051 1.56770994331
5.81750750751 6.3763327323
5.81750750751 1.16774674487
5.8245045045 6.27272077943
5.8245045045 1.02190180156
5.8315015015 6.67964787664
5.8315015015 1.21873156607
5.8384984985 6.30014232719
5.8384984985 1.21651554108
5.8454954955 6.65580210598
5.8454954955 1.12256621271
5.85249249249 6.90287772147
5.85249249249 1.26837808865
5.85948948949 6.27640972765
5.85948948949 1.02481367532
5.86648648649 5.90346444823
5.86648648649 1.18589762864
5.87348348348 6.64035289991
5.87348348348 1.40564512135
5.88048048048 6.47012770767
5.88048048048 1.22027482537
5.88747747748 6.37760299592
5.88747747748 1.03678888736
5.89447447447 6.28606837485
5.89447447447 1.09305582911
5.90147147147 6.00690545564
5.90147147147 1.06597444217
5.90846846847 6.3052535637
5.90846846847 1.05421617693
5.91546546547 6.49165495071
5.91546546547 1.28180634168
5.92246246246 6.27641439121
5.92246246246 1.19480014782
5.92945945946 6.52032388204
5.92945945946 1.31386711114
5.93645645646 6.77421236747
5.93645645646 1.22081613801
5.94345345345 6.73953689628
5.94345345345 1.0338451433
5.95045045045 6.08450460919
5.95045045045 1.08908471378
5.95744744745 6.57701544476
5.95744744745 1.01341535607
5.96444444444 6.79756502434
5.96444444444 1.17453111823
5.97144144144 6.32187325975
5.97144144144 1.06888675684
5.97843843844 6.56811424739
5.97843843844 1.03360549623
5.98543543544 6.35379052098
5.98543543544 1.04303195217
5.99243243243 6.69570314307
5.99243243243 1.28951567646
5.99942942943 6.19331548375
5.99942942943 1.06296130114
6.00642642643 6.52156141491
6.00642642643 1.05187903465
6.01342342342 6.77234389225
6.01342342342 1.41092212496
6.02042042042 6.43842035307
6.02042042042 1.02569389161
6.02741741742 6.34816178594
6.02741741742 1.0785696531
6.03441441441 6.58124554264
6.03441441441 1.13350831778
6.04141141141 6.70866396061
6.04141141141 1.15266219402
6.04840840841 6.71118209829
6.04840840841 1.03890974116
6.05540540541 6.53317329019
6.05540540541 1.02361317361
6.0624024024 7.04595453053
6.0624024024 1.14184167542
6.0693993994 6.70889719267
6.0693993994 1.29876074565
6.0763963964 6.63616710572
6.0763963964 1.17992809752
6.08339339339 6.30037070831
6.08339339339 1.05914037487
6.09039039039 6.58051959412
6.09039039039 1.04388206965
6.09738738739 7.71753175876
6.09738738739 1.03048618289
6.10438438438 6.17533351443
6.10438438438 1.20564573686
6.11138138138 6.32463300836
6.11138138138 1.04734770783
6.11837837838 6.78305371758
6.11837837838 1.29521721451
6.12537537538 6.23889392426
6.12537537538 1.07553894096
6.13237237237 7.13514346876
6.13237237237 1.05092490808
6.13936936937 6.56522068377
6.13936936937 1.06921301411
6.14636636637 6.47252153755
6.14636636637 1.18215388539
6.15336336336 6.6628249098
6.15336336336 1.04660140516
6.16036036036 6.98206668975
6.16036036036 1.05424571741
6.16735735736 6.82265084496
6.16735735736 1.35020796735
6.17435435435 6.79339033486
6.17435435435 1.08772878951
6.18135135135 6.70442524854
6.18135135135 1.02231293641
6.18834834835 6.94886582025
6.18834834835 1.07535202472
6.19534534535 6.79844607796
6.19534534535 1.13944108757
6.20234234234 6.59461183149
6.20234234234 1.07336134302
6.20933933934 6.77001646384
6.20933933934 1.19529264469
6.21633633634 7.0493679199
6.21633633634 1.02175409258
6.22333333333 6.24199933598
6.22333333333 1.02937396552
6.23033033033 6.64377249777
6.23033033033 1.37653835061
6.23732732733 6.57471173049
6.23732732733 1.45475562195
6.24432432432 7.00535620362
6.24432432432 1.12287721939
6.25132132132 6.27536811796
6.25132132132 1.23487348214
6.25831831832 6.84703274791
6.25831831832 1.22452419917
6.26531531532 6.87407744144
6.26531531532 1.32087378132
6.27231231231 6.2000275633
6.27231231231 1.03175390966
6.27930930931 6.41507809177
6.27930930931 1.35284842124
6.28630630631 6.87101812591
6.28630630631 1.28328363725
6.2933033033 6.65156362735
6.2933033033 1.15597392856
6.3003003003 6.71430968298
6.3003003003 1.18935263661
6.3072972973 6.33401656178
6.3072972973 1.16254515063
6.31429429429 6.39991828436
6.31429429429 1.1870428843
6.32129129129 6.47321832265
6.32129129129 1.54064478462
6.32828828829 6.96222200325
6.32828828829 1.01577245056
6.33528528529 6.4078708069
6.33528528529 1.14764517582
6.34228228228 6.66448604901
6.34228228228 1.13542248943
6.34927927928 6.71321594658
6.34927927928 1.19152158601
6.35627627628 6.73910705375
6.35627627628 1.08123889761
6.36327327327 6.99414521289
6.36327327327 1.22158361107
6.37027027027 6.55600419724
6.37027027027 1.16364989276
6.37726726727 6.55808152516
6.37726726727 1.0258419279
6.38426426426 6.93084451316
6.38426426426 1.03379494328
6.39126126126 6.86327402693
6.39126126126 1.05214855208
6.39825825826 6.83823837675
6.39825825826 1.28550492276
6.40525525526 6.4619610561
6.40525525526 1.02330087439
6.41225225225 6.47476350488
6.41225225225 1.25069246033
6.41924924925 6.97231962186
6.41924924925 1.09096256877
6.42624624625 6.52975804688
6.42624624625 1.06023659046
6.43324324324 6.78981962541
6.43324324324 1.08834839679
6.44024024024 6.6646565675
6.44024024024 1.10359814634
6.44723723724 7.02986926393
6.44723723724 1.50740377726
6.45423423423 6.68273871226
6.45423423423 1.08796953598
6.46123123123 6.88983766895
6.46123123123 1.03594604603
6.46822822823 7.00478894562
6.46822822823 1.21729189601
6.47522522523 6.76061949784
6.47522522523 1.1612204917
6.48222222222 6.54889673383
6.48222222222 1.24671328084
6.48921921922 6.97395354166
6.48921921922 1.27131774252
6.49621621622 7.07700824544
6.49621621622 1.11631408545
6.50321321321 6.87512210822
6.50321321321 1.42114555469
6.51021021021 6.27947837166
6.51021021021 1.30381354427
6.51720720721 6.90707187855
6.51720720721 1.21971361335
6.5242042042 6.54523244217
6.5242042042 1.06138637766
6.5312012012 6.7618401067
6.5312012012 1.10134795292
6.5381981982 6.48111130215
6.5381981982 1.60779479818
6.5451951952 6.87802908667
6.5451951952 1.41210327436
6.55219219219 6.88217788636
6.55219219219 1.15924163857
6.55918918919 6.79048278427
6.55918918919 1.23677445016
6.56618618619 7.59482161179
6.56618618619 1.00223682329
6.57318318318 7.22484708578
6.57318318318 1.57896400352
6.58018018018 6.80739052916
6.58018018018 1.20915176827
6.58717717718 6.69871013125
6.58717717718 1.12748054681
6.59417417417 6.72910264135
6.59417417417 1.01178121604
6.60117117117 7.88970217034
6.60117117117 1.08284279991
6.60816816817 6.8246336887
6.60816816817 1.41598239242
6.61516516517 6.66879696633
6.61516516517 1.15583053344
6.62216216216 6.70310643938
6.62216216216 1.05817160184
6.62915915916 6.63161735436
6.62915915916 1.04781203386
6.63615615616 6.7689799948
6.63615615616 1.19620121591
6.64315315315 6.64762783285
6.64315315315 1.12646916631
6.65015015015 6.78325570836
6.65015015015 1.01298092059
6.65714714715 6.82538064568
6.65714714715 1.29198743372
6.66414414414 6.88202734447
6.66414414414 1.13128760797
6.67114114114 6.44279865737
6.67114114114 1.07101758267
6.67813813814 6.42711159522
6.67813813814 1.0807697245
6.68513513514 6.14933994358
6.68513513514 1.06431778578
6.69213213213 6.61622603589
6.69213213213 1.12655531481
6.69912912913 7.8706331338
6.69912912913 1.09320111815
6.70612612613 6.75295136997
6.70612612613 1.02805979485
6.71312312312 7.41320683319
6.71312312312 1.0610229676
6.72012012012 6.88725261296
6.72012012012 1.31165244204
6.72711711712 6.61716661572
6.72711711712 1.38565572676
6.73411411411 7.03244730556
6.73411411411 1.10646602335
6.74111111111 6.42705513066
6.74111111111 1.24411228531
6.74810810811 7.02990925686
6.74810810811 1.29425384689
6.75510510511 6.75180666415
6.75510510511 1.00346390136
6.7621021021 7.07686477868
6.7621021021 1.15009190766
6.7690990991 6.9596207635
6.7690990991 1.15202535958
6.7760960961 6.64421043757
6.7760960961 1.03509815405
6.78309309309 6.72860945304
6.78309309309 1.61161591913
6.79009009009 6.56365708503
6.79009009009 1.01652608254
6.79708708709 6.87057027444
6.79708708709 1.36227868461
6.80408408408 7.34194553109
6.80408408408 1.12539438092
6.81108108108 6.68371117236
6.81108108108 1.10983888736
6.81807807808 7.10527147939
6.81807807808 1.19664958682
6.82507507508 6.37772606234
6.82507507508 1.12565973918
6.83207207207 7.74257840965
6.83207207207 1.14749874805
6.83906906907 6.80367481179
6.83906906907 1.53210036504
6.84606606607 7.33915386288
6.84606606607 1.0764542987
6.85306306306 6.49104301009
6.85306306306 1.58601399186
6.86006006006 6.9586011173
6.86006006006 1.2591061129
6.86705705706 6.61033168132
6.86705705706 1.09354611287
6.87405405405 6.81833149869
6.87405405405 1.35366438471
6.88105105105 7.75350478491
6.88105105105 1.64040643961
6.88804804805 6.34424071198
6.88804804805 1.19384245633
6.89504504505 7.28880181125
6.89504504505 1.03900585621
6.90204204204 6.86449637839
6.90204204204 1.22738817928
6.90903903904 6.84474945971
6.90903903904 1.38474836694
6.91603603604 6.92836346341
6.91603603604 1.06244069203
6.92303303303 7.21923178592
6.92303303303 1.18233226656
6.93003003003 6.65165729269
6.93003003003 1.62712701843
6.93702702703 6.8414277643
6.93702702703 1.6581059703
6.94402402402 6.68204219103
6.94402402402 1.06938929648
6.95102102102 6.581020408
6.95102102102 1.04623579332
6.95801801802 6.19655635453
6.95801801802 1.05598020664
6.96501501502 7.0420550823
6.96501501502 1.05012925963
6.97201201201 7.94124472691
6.97201201201 1.50557385786
6.97900900901 7.87467634166
6.97900900901 1.37386964535
6.98600600601 6.63952759984
6.98600600601 1.39202966548
6.993003003 6.91223257475
6.993003003 1.51306511143
7 7.06416545695
7 1.75512620756
