1.0 1.0 1.0
1.0 1.48275862069 2.59305047243
1.0 1.96551724138 2.87194939542
1.0 2.44827586207 3.40454878323
1.0 2.93103448276 3.64666130997
1.0 3.41379310345 4.4023465758
1.0 3.89655172414 4.71183511978
1.0 4.37931034483 5.13244104198
1.0 4.86206896552 6.22252772742
1.0 5.34482758621 6.36403577189
1.0 5.8275862069 6.85971059552
1.0 6.31034482759 7.28329246205
1.0 6.79310344828 7.77466925395
1.0 7.27586206897 8.38471680872
1.0 7.75862068966 9.14290202755
1.0 8.24137931034 9.48606021773
1.0 8.72413793103 10.2860309273
1.0 9.20689655172 10.8101262843
1.0 9.68965517241 11.3508934342
1.0 10.1724137931 11.8525008259
1.0 10.6551724138 12.1294095666
1.0 11.1379310345 12.727190383
1.0 11.6206896552 13.5132432789
1.0 12.1034482759 13.8722745547
1.0 12.5862068966 14.3686304532
1.0 13.0689655172 15.2551084373
1.0 13.5517241379 15.3776451116
1.0 14.0344827586 16.4052049718
1.0 14.5172413793 16.5403737882
1.0 15.0 17.1813414389
1.05128205128 1.0 1.0
1.05128205128 1.48275862069 2.69234153179
1.05128205128 1.96551724138 2.74785264252
1.05128205128 2.44827586207 3.41452782857
1.05128205128 2.93103448276 3.69522392361
1.05128205128 3.41379310345 4.79709668997
1.05128205128 3.89655172414 4.80286546316
1.05128205128 4.37931034483 5.22732691883
1.05128205128 4.86206896552 6.29894865479
1.05128205128 5.34482758621 6.41222235893
1.05128205128 5.8275862069 6.8841070898
1.05128205128 6.31034482759 7.29318643002
1.05128205128 6.79310344828 7.89542996434
1.05128205128 7.27586206897 8.494635728
1.05128205128 7.75862068966 9.18993906317
1.05128205128 8.24137931034 9.51475457412
1.05128205128 8.72413793103 9.98017581701
1.05128205128 9.20689655172 10.8518866134
1.05128205128 9.68965517241 11.3900316611
1.05128205128 10.1724137931 11.9315952331
1.05128205128 10.6551724138 12.1322871193
1.05128205128 11.1379310345 12.7799219775
1.05128205128 11.6206896552 13.5596264315
1.05128205128 12.1034482759 13.8968572628
1.05128205128 12.5862068966 14.4547119504
1.05128205128 13.0689655172 15.2973232978
1.05128205128 13.5517241379 15.4907925346
1.05128205128 14.0344827586 16.5134798773
1.05128205128 14.5172413793 16.6252196172
1.05128205128 15.0 17.352832881
1.10256410256 1.0 1.0
1.10256410256 1.48275862069 2.70441329883
1.10256410256 1.96551724138 2.76218180922
1.10256410256 2.44827586207 3.36247902059
1.10256410256 2.93103448276 3.69075061807
1.10256410256 3.41379310345 4.77589426003
1.10256410256 3.89655172414 4.81109449005
1.10256410256 4.37931034483 5.23698505487
1.10256410256 4.86206896552 6.30316913678
1.10256410256 5.34482758621 6.38001562875
1.10256410256 5.8275862069 6.91299551226
1.10256410256 6.31034482759 7.3351838755
1.10256410256 6.79310344828 7.94532953252
1.10256410256 7.27586206897 8.55190525285
1.10256410256 7.75862068966 9.19292610178
1.10256410256 8.24137931034 9.5560996889
1.10256410256 8.72413793103 10.0661205631
1.10256410256 9.20689655172 10.8907992773
1.10256410256 9.68965517241 11.4111321293
1.10256410256 10.1724137931 11.9830218908
1.10256410256 10.6551724138 12.2504993495
1.10256410256 11.1379310345 12.8982674407
1.10256410256 11.6206896552 13.5889555377
1.10256410256 12.1034482759 13.8106185557
1.10256410256 12.5862068966 14.5369370837
1.10256410256 13.0689655172 15.3989963952
1.10256410256 13.5517241379 15.53465127
1.10256410256 14.0344827586 16.5959300021
1.10256410256 14.5172413793 16.6964869625
1.10256410256 15.0 17.4531898793
1.15384615385 1.0 1.0
1.15384615385 1.48275862069 2.80137592856
1.15384615385 1.96551724138 2.75112040988
1.15384615385 2.44827586207 3.36217118136
1.15384615385 2.93103448276 3.93614868043
1.15384615385 3.41379310345 4.92604899096
1.15384615385 3.89655172414 5.06241599932
1.15384615385 4.37931034483 5.24216875989
1.15384615385 4.86206896552 6.2982975268
1.15384615385 5.34482758621 6.42339612804
1.15384615385 5.8275862069 6.85315456959
1.15384615385 6.31034482759 7.60300987949
1.15384615385 6.79310344828 7.9286590506
1.15384615385 7.27586206897 8.61149720053
1.15384615385 7.75862068966 9.23585223443
1.15384615385 8.24137931034 9.60148414137
1.15384615385 8.72413793103 10.3537608759
1.15384615385 9.20689655172 10.8151291021
1.15384615385 9.68965517241 11.4530619653
1.15384615385 10.1724137931 12.2543415435
1.15384615385 10.6551724138 12.3106603463
1.15384615385 11.1379310345 12.9267511103
1.15384615385 11.6206896552 13.6559633664
1.15384615385 12.1034482759 13.8673857009
1.15384615385 12.5862068966 14.5813853411
1.15384615385 13.0689655172 15.4607096276
1.15384615385 13.5517241379 15.5913517927
1.15384615385 14.0344827586 16.6402467356
1.15384615385 14.5172413793 16.7514206639
1.15384615385 15.0 17.5550386246
1.20512820513 1.0 1.0
1.20512820513 1.48275862069 2.81003882752
1.20512820513 1.96551724138 2.79839690479
1.20512820513 2.44827586207 3.28246538837
1.20512820513 2.93103448276 4.14182120919
1.20512820513 3.41379310345 5.10283466154
1.20512820513 3.89655172414 5.03634891141
1.20512820513 4.37931034483 5.30136883582
1.20512820513 4.86206896552 6.18959501138
1.20512820513 5.34482758621 6.40707232283
1.20512820513 5.8275862069 6.93328427113
1.20512820513 6.31034482759 7.64536816328
1.20512820513 6.79310344828 7.96611935911
1.20512820513 7.27586206897 8.66435616071
1.20512820513 7.75862068966 9.28333838501
1.20512820513 8.24137931034 9.62449826434
1.20512820513 8.72413793103 10.5264404099
1.20512820513 9.20689655172 10.6384946153
1.20512820513 9.68965517241 11.5237034159
1.20512820513 10.1724137931 12.0919006119
1.20512820513 10.6551724138 12.1796674134
1.20512820513 11.1379310345 12.974253817
1.20512820513 11.6206896552 13.7364914833
1.20512820513 12.1034482759 13.835409818
1.20512820513 12.5862068966 14.6211732407
1.20512820513 13.0689655172 15.5272058168
1.20512820513 13.5517241379 15.6427953793
1.20512820513 14.0344827586 16.6723300262
1.20512820513 14.5172413793 16.8375855416
1.20512820513 15.0 17.6277319255
1.25641025641 1.0 1.0
1.25641025641 1.48275862069 2.79559906734
1.25641025641 1.96551724138 2.83671066328
1.25641025641 2.44827586207 3.40821158092
1.25641025641 2.93103448276 4.00183017754
1.25641025641 3.41379310345 5.16949688397
1.25641025641 3.89655172414 5.15286108051
1.25641025641 4.37931034483 5.28897375899
1.25641025641 4.86206896552 6.36136540792
1.25641025641 5.34482758621 6.44378056062
1.25641025641 5.8275862069 7.06357400491
1.25641025641 6.31034482759 7.57052456074
1.25641025641 6.79310344828 8.0329771718
1.25641025641 7.27586206897 8.68739725559
1.25641025641 7.75862068966 9.31667869963
1.25641025641 8.24137931034 9.6640894291
1.25641025641 8.72413793103 10.5575287255
1.25641025641 9.20689655172 10.6948664464
1.25641025641 9.68965517241 11.5854721153
1.25641025641 10.1724137931 12.0867901531
1.25641025641 10.6551724138 12.237380081
1.25641025641 11.1379310345 13.0360883695
1.25641025641 11.6206896552 13.8059628026
1.25641025641 12.1034482759 13.8635607729
1.25641025641 12.5862068966 14.6999763858
1.25641025641 13.0689655172 15.5578135242
1.25641025641 13.5517241379 15.7272316332
1.25641025641 14.0344827586 16.5048013265
1.25641025641 14.5172413793 16.8747475079
1.25641025641 15.0 17.4963777262
1.30769230769 1.0 1.0
1.30769230769 1.48275862069 2.93159013492
1.30769230769 1.96551724138 2.91968003054
1.30769230769 2.44827586207 3.37302694248
1.30769230769 2.93103448276 4.31234514754
1.30769230769 3.41379310345 5.2009626037
1.30769230769 3.89655172414 5.22643812188
1.30769230769 4.37931034483 5.27200600978
1.30769230769 4.86206896552 6.34951716391
1.30769230769 5.34482758621 6.37890213245
1.30769230769 5.8275862069 7.17381032903
1.30769230769 6.31034482759 7.64453589683
1.30769230769 6.79310344828 8.10611456821
1.30769230769 7.27586206897 8.69540356325
1.30769230769 7.75862068966 9.33073611857
1.30769230769 8.24137931034 9.72687725215
1.30769230769 8.72413793103 10.7943668573
1.30769230769 9.20689655172 10.8563918012
1.30769230769 9.68965517241 11.3195383775
1.30769230769 10.1724137931 11.9066192048
1.30769230769 10.6551724138 12.2927000748
1.30769230769 11.1379310345 13.0607715787
1.30769230769 11.6206896552 13.9019271251
1.30769230769 12.1034482759 13.854334829
1.30769230769 12.5862068966 14.7948477022
1.30769230769 13.0689655172 15.610320737
1.30769230769 13.5517241379 15.8281753777
1.30769230769 14.0344827586 16.8042094446
1.30769230769 14.5172413793 17.0166206903
1.30769230769 15.0 17.2434151637
1.35897435897 1.0 1.0
1.35897435897 1.48275862069 3.0365067539
1.35897435897 1.96551724138 2.92285659899
1.35897435897 2.44827586207 3.42800537227
1.35897435897 2.93103448276 4.07560775799
1.35897435897 3.41379310345 5.19288141436
1.35897435897 3.89655172414 5.01631445145
1.35897435897 4.37931034483 5.35198442181
1.35897435897 4.86206896552 5.88732936999
1.35897435897 5.34482758621 6.38493799897
1.35897435897 5.8275862069 7.1437769627
1.35897435897 6.31034482759 7.50840962951
1.35897435897 6.79310344828 8.12728447417
1.35897435897 7.27586206897 8.70857169643
1.35897435897 7.75862068966 9.34792958991
1.35897435897 8.24137931034 9.76212771976
1.35897435897 8.72413793103 10.729994535
1.35897435897 9.20689655172 10.8392479873
1.35897435897 9.68965517241 11.2574937234
1.35897435897 10.1724137931 12.1439512391
1.35897435897 10.6551724138 12.3935030278
1.35897435897 11.1379310345 13.1323917657
1.35897435897 11.6206896552 13.8861774226
1.35897435897 12.1034482759 13.9418272072
1.35897435897 12.5862068966 14.8659847119
1.35897435897 13.0689655172 15.6394224096
1.35897435897 13.5517241379 15.8466091312
1.35897435897 14.0344827586 16.8866621918
1.35897435897 14.5172413793 17.0663860825
1.35897435897 15.0 17.1771622104
1.41025641026 1.0 1.0
1.41025641026 1.48275862069 2.94834104995
1.41025641026 1.96551724138 3.04110218848
1.41025641026 2.44827586207 3.3791497537
1.41025641026 2.93103448276 4.37863954734
1.41025641026 3.41379310345 5.04189862555
1.41025641026 3.89655172414 5.19644450463
1.41025641026 4.37931034483 5.48590266391
1.41025641026 4.86206896552 5.89490460133
1.41025641026 5.34482758621 6.38278798233
1.41025641026 5.8275862069 7.0296571023
1.41025641026 6.31034482759 7.61017032463
1.41025641026 6.79310344828 8.1490744711
1.41025641026 7.27586206897 8.7100105191
1.41025641026 7.75862068966 9.35769759382
1.41025641026 8.24137931034 9.81428711622
1.41025641026 8.72413793103 10.8469426643
1.41025641026 9.20689655172 10.8562824824
1.41025641026 9.68965517241 11.2613466947
1.41025641026 10.1724137931 11.8312079863
1.41025641026 10.6551724138 12.4717115078
1.41025641026 11.1379310345 13.1911486056
1.41025641026 11.6206896552 13.9149042581
1.41025641026 12.1034482759 14.0430131092
1.41025641026 12.5862068966 14.876778989
1.41025641026 13.0689655172 15.6542737888
1.41025641026 13.5517241379 15.9135315926
1.41025641026 14.0344827586 16.9059045945
1.41025641026 14.5172413793 17.1255525582
1.41025641026 15.0 17.2047083086
1.46153846154 1.0 1.0
1.46153846154 1.48275862069 2.99973285151
1.46153846154 1.96551724138 3.12720860145
1.46153846154 2.44827586207 3.33999834216
1.46153846154 2.93103448276 5.04506924771
1.46153846154 3.41379310345 5.25831513702
1.46153846154 3.89655172414 4.95695555476
1.46153846154 4.37931034483 5.6400818742
1.46153846154 4.86206896552 5.9090938146
1.46153846154 5.34482758621 6.37673123291
1.46153846154 5.8275862069 7.00555875086
1.46153846154 6.31034482759 7.81204948258
1.46153846154 6.79310344828 8.18094858358
1.46153846154 7.27586206897 8.84606083018
1.46153846154 7.75862068966 9.42893728808
1.46153846154 8.24137931034 9.91574773672
1.46153846154 8.72413793103 10.7575287954
1.46153846154 9.20689655172 10.9359080653
1.46153846154 9.68965517241 11.308162932
1.46153846154 10.1724137931 11.9228626962
1.46153846154 10.6551724138 12.5176572579
1.46153846154 11.1379310345 13.2330227075
1.46153846154 11.6206896552 14.0205605079
1.46153846154 12.1034482759 14.1355674515
1.46153846154 12.5862068966 14.9697486929
1.46153846154 13.0689655172 15.6425096117
1.46153846154 13.5517241379 15.9761979484
1.46153846154 14.0344827586 16.9620094191
1.46153846154 14.5172413793 17.1284002364
1.46153846154 15.0 17.185162258
1.51282051282 1.0 1.0
1.51282051282 1.48275862069 3.07630875997
1.51282051282 1.96551724138 3.0516302289
1.51282051282 2.44827586207 3.43602543998
1.51282051282 2.93103448276 3.99181479736
1.51282051282 3.41379310345 4.79298581302
1.51282051282 3.89655172414 4.94185955126
1.51282051282 4.37931034483 5.61109570175
1.51282051282 4.86206896552 5.88542098648
1.51282051282 5.34482758621 6.38364891051
1.51282051282 5.8275862069 7.06427327248
1.51282051282 6.31034482759 7.72857848354
1.51282051282 6.79310344828 8.10378110425
1.51282051282 7.27586206897 8.84043735353
1.51282051282 7.75862068966 9.48290015677
1.51282051282 8.24137931034 9.90961558277
1.51282051282 8.72413793103 10.7317825342
1.51282051282 9.20689655172 10.9111001463
1.51282051282 9.68965517241 11.3584243696
1.51282051282 10.1724137931 11.9696499296
1.51282051282 10.6551724138 12.5793458375
1.51282051282 11.1379310345 13.3064464446
1.51282051282 11.6206896552 13.988166272
1.51282051282 12.1034482759 14.0207755774
1.51282051282 12.5862068966 15.0145069546
1.51282051282 13.0689655172 15.5212594282
1.51282051282 13.5517241379 16.0449067644
1.51282051282 14.0344827586 17.1033862558
1.51282051282 14.5172413793 17.2180244531
1.51282051282 15.0 17.2654810443
1.5641025641 1.0 1.0
1.5641025641 1.48275862069 3.08850644212
1.5641025641 1.96551724138 3.0556618036
1.5641025641 2.44827586207 3.26684856175
1.5641025641 2.93103448276 4.18942213769
1.5641025641 3.41379310345 5.12656089759
1.5641025641 3.89655172414 4.63053650575
1.5641025641 4.37931034483 5.4047649037
1.5641025641 4.86206896552 5.95421554925
1.5641025641 5.34482758621 6.62095401936
1.5641025641 5.8275862069 7.03810215665
1.5641025641 6.31034482759 7.81866996925
1.5641025641 6.79310344828 8.12644986905
1.5641025641 7.27586206897 8.89276879127
1.5641025641 7.75862068966 9.32399945745
1.5641025641 8.24137931034 9.98609967259
1.5641025641 8.72413793103 11.0537811364
1.5641025641 9.20689655172 11.1032765455
1.5641025641 9.68965517241 11.3946719421
1.5641025641 10.1724137931 11.9759459584
1.5641025641 10.6551724138 12.579811535
1.5641025641 11.1379310345 13.3045163229
1.5641025641 11.6206896552 14.0623244243
1.5641025641 12.1034482759 14.0893678182
1.5641025641 12.5862068966 15.0673609231
1.5641025641 13.0689655172 15.4767428645
1.5641025641 13.5517241379 16.118682214
1.5641025641 14.0344827586 17.2147702127
1.5641025641 14.5172413793 17.3209090657
1.5641025641 15.0 17.3785080699
1.61538461538 1.0 1.0
1.61538461538 1.48275862069 3.15713621943
1.61538461538 1.96551724138 3.21831770572
1.61538461538 2.44827586207 3.27651977968
1.61538461538 2.93103448276 3.94881626386
1.61538461538 3.41379310345 4.56689919779
1.61538461538 3.89655172414 4.73870685129
1.61538461538 4.37931034483 5.42013656206
1.61538461538 4.86206896552 5.9292800288
1.61538461538 5.34482758621 6.43551289019
1.61538461538 5.8275862069 7.23279548063
1.61538461538 6.31034482759 8.11054354913
1.61538461538 6.79310344828 8.30689738861
1.61538461538 7.27586206897 8.85698469616
1.61538461538 7.75862068966 9.17626516417
1.61538461538 8.24137931034 10.0224090878
1.61538461538 8.72413793103 11.1256929473
1.61538461538 9.20689655172 10.9809221834
1.61538461538 9.68965517241 11.4209148981
1.61538461538 10.1724137931 12.0802926907
1.61538461538 10.6551724138 12.6829804152
1.61538461538 11.1379310345 13.3527812826
1.61538461538 11.6206896552 14.0919439152
1.61538461538 12.1034482759 14.1645795171
1.61538461538 12.5862068966 15.0898545042
1.61538461538 13.0689655172 15.2567952634
1.61538461538 13.5517241379 16.1355108672
1.61538461538 14.0344827586 17.0895904818
1.61538461538 14.5172413793 17.3651617469
1.61538461538 15.0 17.4573037312
1.66666666667 1.0 1.0
1.66666666667 1.48275862069 3.10755699716
1.66666666667 1.96551724138 3.19591471233
1.66666666667 2.44827586207 3.37471505334
1.66666666667 2.93103448276 4.03693441783
1.66666666667 3.41379310345 5.11529064088
1.66666666667 3.89655172414 5.05564861142
1.66666666667 4.37931034483 5.56325349777
1.66666666667 4.86206896552 6.04850795483
1.66666666667 5.34482758621 6.4978356788
1.66666666667 5.8275862069 7.14533362804
1.66666666667 6.31034482759 7.72747068234
1.66666666667 6.79310344828 8.22522913307
1.66666666667 7.27586206897 8.91850342146
1.66666666667 7.75862068966 9.20087079608
1.66666666667 8.24137931034 10.0594599707
1.66666666667 8.72413793103 11.0684629355
1.66666666667 9.20689655172 11.0722321491
1.66666666667 9.68965517241 11.4361817288
1.66666666667 10.1724137931 12.1023600557
1.66666666667 10.6551724138 12.7532173243
1.66666666667 11.1379310345 13.4404122228
1.66666666667 11.6206896552 14.1300531943
1.66666666667 12.1034482759 14.3172897151
1.66666666667 12.5862068966 15.1292109221
1.66666666667 13.0689655172 15.2636060764
1.66666666667 13.5517241379 16.2443927808
1.66666666667 14.0344827586 17.2906144034
1.66666666667 14.5172413793 17.4185771073
1.66666666667 15.0 17.5047089861
1.71794871795 1.0 1.0
1.71794871795 1.48275862069 3.24310353017
1.71794871795 1.96551724138 3.16505281523
1.71794871795 2.44827586207 3.43291946295
1.71794871795 2.93103448276 4.166905604
1.71794871795 3.41379310345 5.11668854769
1.71794871795 3.89655172414 5.1309920894
1.71794871795 4.37931034483 5.35488748577
1.71794871795 4.86206896552 5.84530497271
1.71794871795 5.34482758621 6.4534681118
1.71794871795 5.8275862069 7.155782504
1.71794871795 6.31034482759 7.82351669014
1.71794871795 6.79310344828 8.28505523236
1.71794871795 7.27586206897 8.92296735889
1.71794871795 7.75862068966 9.32291064876
1.71794871795 8.24137931034 10.0768640315
1.71794871795 8.72413793103 11.1948016901
1.71794871795 9.20689655172 11.1482278231
1.71794871795 9.68965517241 11.4227393926
1.71794871795 10.1724137931 12.1941329188
1.71794871795 10.6551724138 12.81257637
1.71794871795 11.1379310345 13.491549604
1.71794871795 11.6206896552 14.1663523709
1.71794871795 12.1034482759 14.366185591
1.71794871795 12.5862068966 15.234343103
1.71794871795 13.0689655172 15.2564089642
1.71794871795 13.5517241379 16.26479928
1.71794871795 14.0344827586 16.9701312677
1.71794871795 14.5172413793 17.4476496839
1.71794871795 15.0 17.5480753925
1.76923076923 1.0 1.0
1.76923076923 1.48275862069 3.1282288897
1.76923076923 1.96551724138 3.14836622043
1.76923076923 2.44827586207 3.25630256748
1.76923076923 2.93103448276 4.26635140956
1.76923076923 3.41379310345 5.11185172287
1.76923076923 3.89655172414 5.18738051873
1.76923076923 4.37931034483 5.55975059192
1.76923076923 4.86206896552 5.91590351382
1.76923076923 5.34482758621 6.58912878194
1.76923076923 5.8275862069 7.10225740022
1.76923076923 6.31034482759 7.91809694843
1.76923076923 6.79310344828 8.31043319199
1.76923076923 7.27586206897 8.90269602183
1.76923076923 7.75862068966 9.45257554163
1.76923076923 8.24137931034 10.1526603784
1.76923076923 8.72413793103 11.2267427684
1.76923076923 9.20689655172 11.0409530936
1.76923076923 9.68965517241 11.40786836
1.76923076923 10.1724137931 12.1598319711
1.76923076923 10.6551724138 12.8311776718
1.76923076923 11.1379310345 13.5405784108
1.76923076923 11.6206896552 14.204207902
1.76923076923 12.1034482759 14.3544418292
1.76923076923 12.5862068966 15.2405742544
1.76923076923 13.0689655172 15.3291409673
1.76923076923 13.5517241379 16.3091852697
1.76923076923 14.0344827586 16.9533471958
1.76923076923 14.5172413793 17.4897228339
1.76923076923 15.0 17.62278481
1.82051282051 1.0 1.0
1.82051282051 1.48275862069 3.26463236474
1.82051282051 1.96551724138 3.27776566994
1.82051282051 2.44827586207 3.52122733996
1.82051282051 2.93103448276 4.30586590773
1.82051282051 3.41379310345 5.07117010129
1.82051282051 3.89655172414 5.21583008048
1.82051282051 4.37931034483 5.57263064981
1.82051282051 4.86206896552 6.08995065406
1.82051282051 5.34482758621 6.53542449839
1.82051282051 5.8275862069 7.10695990035
1.82051282051 6.31034482759 7.98361498297
1.82051282051 6.79310344828 8.34918922434
1.82051282051 7.27586206897 8.91356440595
1.82051282051 7.75862068966 9.437060627
1.82051282051 8.24137931034 10.1401326707
1.82051282051 8.72413793103 10.5980526085
1.82051282051 9.20689655172 11.2123690948
1.82051282051 9.68965517241 11.5717332717
1.82051282051 10.1724137931 12.200793707
1.82051282051 10.6551724138 12.8700406855
1.82051282051 11.1379310345 13.5780651574
1.82051282051 11.6206896552 14.2642581664
1.82051282051 12.1034482759 14.3624496936
1.82051282051 12.5862068966 15.2930370463
1.82051282051 13.0689655172 15.3548068933
1.82051282051 13.5517241379 16.3755152758
1.82051282051 14.0344827586 17.0489959423
1.82051282051 14.5172413793 17.5519946433
1.82051282051 15.0 17.6258543244
1.87179487179 1.0 1.0
1.87179487179 1.48275862069 3.46347608419
1.87179487179 1.96551724138 3.50733133045
1.87179487179 2.44827586207 3.74284072639
1.87179487179 2.93103448276 4.3013058201
1.87179487179 3.41379310345 5.25434955666
1.87179487179 3.89655172414 5.27651999562
1.87179487179 4.37931034483 5.49470154788
1.87179487179 4.86206896552 5.99162175674
1.87179487179 5.34482758621 6.64147180138
1.87179487179 5.8275862069 7.219846065
1.87179487179 6.31034482759 8.26716846864
1.87179487179 6.79310344828 8.34086867035
1.87179487179 7.27586206897 8.95054041872
1.87179487179 7.75862068966 9.73157287694
1.87179487179 8.24137931034 10.1706210519
1.87179487179 8.72413793103 10.6506473781
1.87179487179 9.20689655172 11.1575089668
1.87179487179 9.68965517241 11.6119729011
1.87179487179 10.1724137931 12.7354540946
1.87179487179 10.6551724138 12.9233916996
1.87179487179 11.1379310345 13.5852737942
1.87179487179 11.6206896552 14.3763342834
1.87179487179 12.1034482759 14.4122840919
1.87179487179 12.5862068966 15.3275261984
1.87179487179 13.0689655172 15.3931329918
1.87179487179 13.5517241379 16.4117815619
1.87179487179 14.0344827586 16.5280952363
1.87179487179 14.5172413793 17.6406611082
1.87179487179 15.0 17.6739397316
1.92307692308 1.0 1.0
1.92307692308 1.48275862069 3.7033126191
1.92307692308 1.96551724138 3.54307138429
1.92307692308 2.44827586207 3.75834938609
1.92307692308 2.93103448276 4.33173535079
1.92307692308 3.41379310345 5.23260004528
1.92307692308 3.89655172414 5.29409666252
1.92307692308 4.37931034483 5.52205662804
1.92307692308 4.86206896552 6.05259074512
1.92307692308 5.34482758621 6.83247767423
1.92307692308 5.8275862069 7.23785607186
1.92307692308 6.31034482759 7.8869767721
1.92307692308 6.79310344828 8.36505581095
1.92307692308 7.27586206897 9.00515158458
1.92307692308 7.75862068966 9.8667147235
1.92307692308 8.24137931034 10.2165768976
1.92307692308 8.72413793103 10.6956118991
1.92307692308 9.20689655172 11.281000933
1.92307692308 9.68965517241 11.6520078472
1.92307692308 10.1724137931 12.4040951798
1.92307692308 10.6551724138 12.9918952074
1.92307692308 11.1379310345 13.6262651814
1.92307692308 11.6206896552 14.386365469
1.92307692308 12.1034482759 14.4872636394
1.92307692308 12.5862068966 15.369941864
1.92307692308 13.0689655172 15.4466849738
1.92307692308 13.5517241379 16.4710085857
1.92307692308 14.0344827586 16.6038932667
1.92307692308 14.5172413793 17.6925709248
1.92307692308 15.0 17.7128081142
1.97435897436 1.0 1.0
1.97435897436 1.48275862069 3.87626037842
1.97435897436 1.96551724138 3.66392275983
1.97435897436 2.44827586207 3.80076076074
1.97435897436 2.93103448276 4.05093485084
1.97435897436 3.41379310345 5.02757355068
1.97435897436 3.89655172414 5.27785616256
1.97435897436 4.37931034483 5.53185415965
1.97435897436 4.86206896552 6.18324239517
1.97435897436 5.34482758621 6.89492695075
1.97435897436 5.8275862069 7.20994107459
1.97435897436 6.31034482759 7.5243788639
1.97435897436 6.79310344828 8.39896618732
1.97435897436 7.27586206897 9.00710886769
1.97435897436 7.75862068966 9.28551622016
1.97435897436 8.24137931034 10.2513653676
1.97435897436 8.72413793103 10.6801130126
1.97435897436 9.20689655172 11.2935558657
1.97435897436 9.68965517241 11.5586768708
1.97435897436 10.1724137931 12.6528631654
1.97435897436 10.6551724138 12.9735735525
1.97435897436 11.1379310345 13.63691811
1.97435897436 11.6206896552 14.3591639467
1.97435897436 12.1034482759 14.5306184783
1.97435897436 12.5862068966 15.3875114493
1.97435897436 13.0689655172 15.489408771
1.97435897436 13.5517241379 16.5168561027
1.97435897436 14.0344827586 17.0819322267
1.97435897436 14.5172413793 17.7346355155
1.97435897436 15.0 17.8152075544
2.02564102564 1.0 1.0
2.02564102564 1.48275862069 3.84610657698
2.02564102564 1.96551724138 3.83801025214
2.02564102564 2.44827586207 3.86458378452
2.02564102564 2.93103448276 4.2572869255
2.02564102564 3.41379310345 5.03812875908
2.02564102564 3.89655172414 5.30615281916
2.02564102564 4.37931034483 5.49328703266
2.02564102564 4.86206896552 6.34119719846
2.02564102564 5.34482758621 6.84658077571
2.02564102564 5.8275862069 7.2324330601
2.02564102564 6.31034482759 7.82742435627
2.02564102564 6.79310344828 8.39983328156
2.02564102564 7.27586206897 9.06439235967
2.02564102564 7.75862068966 9.47038960138
2.02564102564 8.24137931034 10.2965132308
2.02564102564 8.72413793103 10.6133762143
2.02564102564 9.20689655172 11.2677644679
2.02564102564 9.68965517241 11.7366490291
2.02564102564 10.1724137931 12.3645890758
2.02564102564 10.6551724138 13.0371139684
2.02564102564 11.1379310345 13.6621755722
2.02564102564 11.6206896552 13.9105492507
2.02564102564 12.1034482759 14.5281416012
2.02564102564 12.5862068966 15.4392035186
2.02564102564 13.0689655172 15.5584710124
2.02564102564 13.5517241379 16.5663211753
2.02564102564 14.0344827586 17.4248011068
2.02564102564 14.5172413793 17.7726012192
2.02564102564 15.0 17.9012120139
2.07692307692 1.0 1.0
2.07692307692 1.48275862069 4.03405761181
2.07692307692 1.96551724138 3.69288224534
2.07692307692 2.44827586207 3.79964134746
2.07692307692 2.93103448276 3.91477933283
2.07692307692 3.41379310345 5.23290114746
2.07692307692 3.89655172414 5.16717323938
2.07692307692 4.37931034483 5.481178208
2.07692307692 4.86206896552 6.69143161152
2.07692307692 5.34482758621 6.92838701243
2.07692307692 5.8275862069 7.25888669551
2.07692307692 6.31034482759 7.5533542054
2.07692307692 6.79310344828 8.35404907601
2.07692307692 7.27586206897 9.11966048189
2.07692307692 7.75862068966 9.38474598596
2.07692307692 8.24137931034 10.2875289951
2.07692307692 8.72413793103 10.650726643
2.07692307692 9.20689655172 11.2626368016
2.07692307692 9.68965517241 11.6751539964
2.07692307692 10.1724137931 12.4369981392
2.07692307692 10.6551724138 13.0544078073
2.07692307692 11.1379310345 13.7340929139
2.07692307692 11.6206896552 13.9178461672
2.07692307692 12.1034482759 14.5793718427
2.07692307692 12.5862068966 15.4996685383
2.07692307692 13.0689655172 15.6328471289
2.07692307692 13.5517241379 16.5717128651
2.07692307692 14.0344827586 17.5799510756
2.07692307692 14.5172413793 17.8667539042
2.07692307692 15.0 17.9447744961
2.12820512821 1.0 1.0
2.12820512821 1.48275862069 3.56007062571
2.12820512821 1.96551724138 3.80608126477
2.12820512821 2.44827586207 3.76559553836
2.12820512821 2.93103448276 3.90516807674
2.12820512821 3.41379310345 5.28011402272
2.12820512821 3.89655172414 5.41016231021
2.12820512821 4.37931034483 5.50246858891
2.12820512821 4.86206896552 6.44733298385
2.12820512821 5.34482758621 6.73986342261
2.12820512821 5.8275862069 7.27753670354
2.12820512821 6.31034482759 7.75694752293
2.12820512821 6.79310344828 8.44976228889
2.12820512821 7.27586206897 9.16023995413
2.12820512821 7.75862068966 9.98498362304
2.12820512821 8.24137931034 10.3280532225
2.12820512821 8.72413793103 10.7111754007
2.12820512821 9.20689655172 11.073228665
2.12820512821 9.68965517241 11.6927792507
2.12820512821 10.1724137931 12.4537009633
2.12820512821 10.6551724138 13.0957249182
2.12820512821 11.1379310345 13.7336659075
2.12820512821 11.6206896552 14.1147266216
2.12820512821 12.1034482759 14.6379992696
2.12820512821 12.5862068966 15.5538103891
2.12820512821 13.0689655172 15.6848554904
2.12820512821 13.5517241379 16.6347998875
2.12820512821 14.0344827586 17.5051467391
2.12820512821 14.5172413793 17.927684736
2.12820512821 15.0 17.9695479945
2.17948717949 1.0 1.0
2.17948717949 1.48275862069 3.79518059148
2.17948717949 1.96551724138 3.76637337144
2.17948717949 2.44827586207 3.91079886258
2.17948717949 2.93103448276 4.08810872859
2.17948717949 3.41379310345 4.90098901929
2.17948717949 3.89655172414 5.18916409851
2.17948717949 4.37931034483 5.51292923483
2.17948717949 4.86206896552 6.78669665615
2.17948717949 5.34482758621 6.86857736077
2.17948717949 5.8275862069 7.33440959267
2.17948717949 6.31034482759 8.28160399866
2.17948717949 6.79310344828 8.48470229105
2.17948717949 7.27586206897 9.16770627013
2.17948717949 7.75862068966 9.43521629547
2.17948717949 8.24137931034 10.3140877076
2.17948717949 8.72413793103 10.7408616588
2.17948717949 9.20689655172 11.2724765808
2.17948717949 9.68965517241 11.7448503897
2.17948717949 10.1724137931 12.4916724645
2.17948717949 10.6551724138 13.1371718873
2.17948717949 11.1379310345 13.7778841483
2.17948717949 11.6206896552 14.0062568427
2.17948717949 12.1034482759 14.6590648646
2.17948717949 12.5862068966 15.5515506838
2.17948717949 13.0689655172 15.7176919185
2.17948717949 13.5517241379 16.6481474957
2.17948717949 14.0344827586 17.533415916
2.17948717949 14.5172413793 17.9764988806
2.17948717949 15.0 17.9430306611
2.23076923077 1.0 1.0
2.23076923077 1.48275862069 3.70104922035
2.23076923077 1.96551724138 3.84678429841
2.23076923077 2.44827586207 3.69640994782
2.23076923077 2.93103448276 3.91351428784
2.23076923077 3.41379310345 5.2087466867
2.23076923077 3.89655172414 5.1593101103
2.23076923077 4.37931034483 5.57235182044
2.23076923077 4.86206896552 6.9087679109
2.23076923077 5.34482758621 7.09507094919
2.23076923077 5.8275862069 7.31633496732
2.23076923077 6.31034482759 7.94590976486
2.23076923077 6.79310344828 8.49762142948
2.23076923077 7.27586206897 9.11213824435
2.23076923077 7.75862068966 9.71838796116
2.23076923077 8.24137931034 10.3645234811
2.23076923077 8.72413793103 10.7598405814
2.23076923077 9.20689655172 11.4097657233
2.23076923077 9.68965517241 11.7408644616
2.23076923077 10.1724137931 12.5443784221
2.23076923077 10.6551724138 13.0823348175
2.23076923077 11.1379310345 13.8198958258
2.23076923077 11.6206896552 14.4843370401
2.23076923077 12.1034482759 14.6135471579
2.23076923077 12.5862068966 15.6063729308
2.23076923077 13.0689655172 15.7427769414
2.23076923077 13.5517241379 16.7156764939
2.23076923077 14.0344827586 17.6353670072
2.23076923077 14.5172413793 17.939004253
2.23076923077 15.0 18.0896810696
2.28205128205 1.0 1.0
2.28205128205 1.48275862069 3.83893749208
2.28205128205 1.96551724138 3.94978837274
2.28205128205 2.44827586207 3.84104333726
2.28205128205 2.93103448276 4.03499138823
2.28205128205 3.41379310345 4.693730549
2.28205128205 3.89655172414 5.23075877694
2.28205128205 4.37931034483 5.55839117546
2.28205128205 4.86206896552 6.82465929299
2.28205128205 5.34482758621 7.13848072967
2.28205128205 5.8275862069 7.40892920195
2.28205128205 6.31034482759 7.79104902966
2.28205128205 6.79310344828 8.51977928068
2.28205128205 7.27586206897 9.20285391556
2.28205128205 7.75862068966 9.71458937384
2.28205128205 8.24137931034 10.3829047994
2.28205128205 8.72413793103 10.7168986941
2.28205128205 9.20689655172 11.4972556502
2.28205128205 9.68965517241 11.8064706823
2.28205128205 10.1724137931 13.1442078708
2.28205128205 10.6551724138 13.14110788
2.28205128205 11.1379310345 13.8530717702
2.28205128205 11.6206896552 14.5125708083
2.28205128205 12.1034482759 14.8330182047
2.28205128205 12.5862068966 15.6830720771
2.28205128205 13.0689655172 15.7663705096
2.28205128205 13.5517241379 16.7539595819
2.28205128205 14.0344827586 17.4129818322
2.28205128205 14.5172413793 17.9975261177
2.28205128205 15.0 18.013591329
2.33333333333 1.0 1.0
2.33333333333 1.48275862069 3.84002331104
2.33333333333 1.96551724138 3.9195344614
2.33333333333 2.44827586207 3.93968374984
2.33333333333 2.93103448276 4.06060750363
2.33333333333 3.41379310345 4.87004583595
2.33333333333 3.89655172414 4.92025943009
2.33333333333 4.37931034483 5.58265534872
2.33333333333 4.86206896552 6.83492845377
2.33333333333 5.34482758621 6.89086693337
2.33333333333 5.8275862069 7.36848557436
2.33333333333 6.31034482759 7.71588582881
2.33333333333 6.79310344828 8.50952574305
2.33333333333 7.27586206897 9.17474852363
2.33333333333 7.75862068966 9.58264560066
2.33333333333 8.24137931034 10.3798581673
2.33333333333 8.72413793103 10.8195278631
2.33333333333 9.20689655172 11.5057797525
2.33333333333 9.68965517241 11.8944595937
2.33333333333 10.1724137931 12.9568057307
2.33333333333 10.6551724138 13.1384377603
2.33333333333 11.1379310345 13.8835021298
2.33333333333 11.6206896552 14.292319281
2.33333333333 12.1034482759 14.7887503979
2.33333333333 12.5862068966 15.703380551
2.33333333333 13.0689655172 15.7637010429
2.33333333333 13.5517241379 16.7808708716
2.33333333333 14.0344827586 17.7056512006
2.33333333333 14.5172413793 18.0241909509
2.33333333333 15.0 18.0276770605
2.38461538462 1.0 1.0
2.38461538462 1.48275862069 3.96180133358
2.38461538462 1.96551724138 4.10738113118
2.38461538462 2.44827586207 4.01994752949
2.38461538462 2.93103448276 4.05064930538
2.38461538462 3.41379310345 4.61225693932
2.38461538462 3.89655172414 5.11692126901
2.38461538462 4.37931034483 5.64005432868
2.38461538462 4.86206896552 6.9047732503
2.38461538462 5.34482758621 7.01926058059
2.38461538462 5.8275862069 7.54774435208
2.38461538462 6.31034482759 7.7291224938
2.38461538462 6.79310344828 8.5926494698
2.38461538462 7.27586206897 9.22033030074
2.38461538462 7.75862068966 9.58657894437
2.38461538462 8.24137931034 10.3809173484
2.38461538462 8.72413793103 10.8430048643
2.38461538462 9.20689655172 11.5677287993
2.38461538462 9.68965517241 11.9417489843
2.38461538462 10.1724137931 12.6203793871
2.38461538462 10.6551724138 13.1486414951
2.38461538462 11.1379310345 13.9322218447
2.38461538462 11.6206896552 14.5001631111
2.38461538462 12.1034482759 14.8478880253
2.38461538462 12.5862068966 15.7342638407
2.38461538462 13.0689655172 15.7953510286
2.38461538462 13.5517241379 16.8143721596
2.38461538462 14.0344827586 17.8201859738
2.38461538462 14.5172413793 17.9683313979
2.38461538462 15.0 18.1784521883
2.4358974359 1.0 1.0
2.4358974359 1.48275862069 4.03071671992
2.4358974359 1.96551724138 3.83467750537
2.4358974359 2.44827586207 3.96074835793
2.4358974359 2.93103448276 4.07298820776
2.4358974359 3.41379310345 4.59185335415
2.4358974359 3.89655172414 5.26382057743
2.4358974359 4.37931034483 5.56637091272
2.4358974359 4.86206896552 6.89625317988
2.4358974359 5.34482758621 6.78810383314
2.4358974359 5.8275862069 7.60017885689
2.4358974359 6.31034482759 7.75003785357
2.4358974359 6.79310344828 8.59054285344
2.4358974359 7.27586206897 9.24935715544
2.4358974359 7.75862068966 9.51069788866
2.4358974359 8.24137931034 10.2570818426
2.4358974359 8.72413793103 10.8503554304
2.4358974359 9.20689655172 11.6101130734
2.4358974359 9.68965517241 11.950859904
2.4358974359 10.1724137931 12.5339193625
2.4358974359 10.6551724138 13.1776886388
2.4358974359 11.1379310345 13.9866301734
2.4358974359 11.6206896552 14.6072022327
2.4358974359 12.1034482759 14.9451615927
2.4358974359 12.5862068966 15.7554281155
2.4358974359 13.0689655172 15.8685893854
2.4358974359 13.5517241379 16.8472340906
2.4358974359 14.0344827586 17.0113919356
2.4358974359 14.5172413793 17.977272179
2.4358974359 15.0 18.2390771898
2.48717948718 1.0 1.0
2.48717948718 1.48275862069 4.06031526029
2.48717948718 1.96551724138 4.11820025156
2.48717948718 2.44827586207 4.00667526886
2.48717948718 2.93103448276 4.12610354585
2.48717948718 3.41379310345 4.62142861742
2.48717948718 3.89655172414 5.23531725238
2.48717948718 4.37931034483 5.62394086354
2.48717948718 4.86206896552 7.04349312426
2.48717948718 5.34482758621 6.93492773706
2.48717948718 5.8275862069 7.45813864376
2.48717948718 6.31034482759 7.99729048223
2.48717948718 6.79310344828 8.55702869828
2.48717948718 7.27586206897 9.23515736326
2.48717948718 7.75862068966 9.66482524789
2.48717948718 8.24137931034 10.3702475131
2.48717948718 8.72413793103 10.8799842403
2.48717948718 9.20689655172 11.7546548133
2.48717948718 9.68965517241 11.901059704
2.48717948718 10.1724137931 12.6247722475
2.48717948718 10.6551724138 13.2696752029
2.48717948718 11.1379310345 14.0181913884
2.48717948718 11.6206896552 14.5579565781
2.48717948718 12.1034482759 14.9645694338
2.48717948718 12.5862068966 15.7701439702
2.48717948718 13.0689655172 15.8826097803
2.48717948718 13.5517241379 16.8889424728
2.48717948718 14.0344827586 17.019887338
2.48717948718 14.5172413793 18.1444266331
2.48717948718 15.0 18.2851241314
2.53846153846 1.0 1.0
2.53846153846 1.48275862069 4.10951677334
2.53846153846 1.96551724138 3.99728171524
2.53846153846 2.44827586207 4.11529842269
2.53846153846 2.93103448276 4.13040852662
2.53846153846 3.41379310345 4.74915652797
2.53846153846 3.89655172414 5.36212373048
2.53846153846 4.37931034483 5.68532142473
2.53846153846 4.86206896552 6.6801674557
2.53846153846 5.34482758621 7.13868896748
2.53846153846 5.8275862069 7.67538906793
2.53846153846 6.31034482759 8.04915503845
2.53846153846 6.79310344828 8.60000547431
2.53846153846 7.27586206897 9.23446416514
2.53846153846 7.75862068966 9.57464314477
2.53846153846 8.24137931034 10.4464560884
2.53846153846 8.72413793103 10.9256321824
2.53846153846 9.20689655172 11.6568022126
2.53846153846 9.68965517241 12.0117534182
2.53846153846 10.1724137931 12.7080717538
2.53846153846 10.6551724138 13.2843297173
2.53846153846 11.1379310345 14.0335791045
2.53846153846 11.6206896552 14.3486388221
2.53846153846 12.1034482759 14.7904719534
2.53846153846 12.5862068966 15.8065658326
2.53846153846 13.0689655172 15.909285634
2.53846153846 13.5517241379 16.9760132279
2.53846153846 14.0344827586 17.0615997232
2.53846153846 14.5172413793 18.2329622589
2.53846153846 15.0 18.3181568063
2.58974358974 1.0 1.0
2.58974358974 1.48275862069 3.95468660536
2.58974358974 1.96551724138 4.19537801087
2.58974358974 2.44827586207 4.12735979074
2.58974358974 2.93103448276 4.10977662417
2.58974358974 3.41379310345 4.80898600543
2.58974358974 3.89655172414 5.24512284898
2.58974358974 4.37931034483 5.632308561
2.58974358974 4.86206896552 6.65222222241
2.58974358974 5.34482758621 7.07128114481
2.58974358974 5.8275862069 7.51890046911
2.58974358974 6.31034482759 8.0456814443
2.58974358974 6.79310344828 8.61255828866
2.58974358974 7.27586206897 9.26678880552
2.58974358974 7.75862068966 9.87945140846
2.58974358974 8.24137931034 10.2542392995
2.58974358974 8.72413793103 10.9554814239
2.58974358974 9.20689655172 11.7757722692
2.58974358974 9.68965517241 12.0256314854
2.58974358974 10.1724137931 12.7106162842
2.58974358974 10.6551724138 13.3019714486
2.58974358974 11.1379310345 14.083292921
2.58974358974 11.6206896552 14.7565808497
2.58974358974 12.1034482759 14.8738336043
2.58974358974 12.5862068966 15.851439054
2.58974358974 13.0689655172 15.965407032
2.58974358974 13.5517241379 17.0002575019
2.58974358974 14.0344827586 17.094072412
2.58974358974 14.5172413793 18.2639701268
2.58974358974 15.0 18.3423719206
2.64102564103 1.0 1.0
2.64102564103 1.48275862069 4.19059967438
2.64102564103 1.96551724138 4.12192021102
2.64102564103 2.44827586207 4.25352989266
2.64102564103 2.93103448276 4.29247613587
2.64102564103 3.41379310345 4.82101308333
2.64102564103 3.89655172414 5.28557248926
2.64102564103 4.37931034483 5.63980555782
2.64102564103 4.86206896552 6.484723102
2.64102564103 5.34482758621 6.91172795009
2.64102564103 5.8275862069 7.43796176397
2.64102564103 6.31034482759 8.1141482223
2.64102564103 6.79310344828 8.66524773543
2.64102564103 7.27586206897 9.25728302396
2.64102564103 7.75862068966 9.95518783567
2.64102564103 8.24137931034 10.48742427
2.64102564103 8.72413793103 10.9577225999
2.64102564103 9.20689655172 11.7708964205
2.64102564103 9.68965517241 12.1327079975
2.64102564103 10.1724137931 12.6992409619
2.64102564103 10.6551724138 13.3219553993
2.64102564103 11.1379310345 14.0922388539
2.64102564103 11.6206896552 14.4102886035
2.64102564103 12.1034482759 14.7501804533
2.64102564103 12.5862068966 15.8792229284
2.64102564103 13.0689655172 15.9784796751
2.64102564103 13.5517241379 17.0418043886
2.64102564103 14.0344827586 17.1293134345
2.64102564103 14.5172413793 18.2671210461
2.64102564103 15.0 18.3718093904
2.69230769231 1.0 1.0
2.69230769231 1.48275862069 4.2805764157
2.69230769231 1.96551724138 4.23346262506
2.69230769231 2.44827586207 4.19253071816
2.69230769231 2.93103448276 4.30036733837
2.69230769231 3.41379310345 4.54423137011
2.69230769231 3.89655172414 5.05591360168
2.69230769231 4.37931034483 5.6514711873
2.69230769231 4.86206896552 6.88489335386
2.69230769231 5.34482758621 6.96116162855
2.69230769231 5.8275862069 7.75996348899
2.69230769231 6.31034482759 8.19763791277
2.69230769231 6.79310344828 8.59914050719
2.69230769231 7.27586206897 9.0138093607
2.69230769231 7.75862068966 9.71357480138
2.69230769231 8.24137931034 10.4749093039
2.69230769231 8.72413793103 11.0283345923
2.69230769231 9.20689655172 11.8601681201
2.69230769231 9.68965517241 12.0561718957
2.69230769231 10.1724137931 12.7676399812
2.69230769231 10.6551724138 13.3789039682
2.69230769231 11.1379310345 14.1418420692
2.69230769231 11.6206896552 14.3858409293
2.69230769231 12.1034482759 15.0462238913
2.69230769231 12.5862068966 15.9013906217
2.69230769231 13.0689655172 16.0423514256
2.69230769231 13.5517241379 17.0201085011
2.69230769231 14.0344827586 17.1848930041
2.69230769231 14.5172413793 18.2794814537
2.69230769231 15.0 18.4066380935
2.74358974359 1.0 1.0
2.74358974359 1.48275862069 4.30911177463
2.74358974359 1.96551724138 4.25589377248
2.74358974359 2.44827586207 4.44532883354
2.74358974359 2.93103448276 4.34751313348
2.74358974359 3.41379310345 4.31256907659
2.74358974359 3.89655172414 5.15090226941
2.74358974359 4.37931034483 5.72961355333
2.74358974359 4.86206896552 6.8445049314
2.74358974359 5.34482758621 6.95331507819
2.74358974359 5.8275862069 7.48894806382
2.74358974359 6.31034482759 7.98026203311
2.74358974359 6.79310344828 8.45259986587
2.74358974359 7.27586206897 9.39447697681
2.74358974359 7.75862068966 9.73784141798
2.74358974359 8.24137931034 10.4833701707
2.74358974359 8.72413793103 11.0138512235
2.74358974359 9.20689655172 11.7909950323
2.74358974359 9.68965517241 12.118129866
2.74358974359 10.1724137931 12.7756445591
2.74358974359 10.6551724138 13.3764569777
2.74358974359 11.1379310345 14.16367756
2.74358974359 11.6206896552 14.4023815055
2.74358974359 12.1034482759 14.9187710786
2.74358974359 12.5862068966 15.8935210055
2.74358974359 13.0689655172 16.0563205168
2.74358974359 13.5517241379 17.0748901039
2.74358974359 14.0344827586 17.194091411
2.74358974359 14.5172413793 18.2966094073
2.74358974359 15.0 18.4315936576
2.79487179487 1.0 1.0
2.79487179487 1.48275862069 4.25577259562
2.79487179487 1.96551724138 4.33990771442
2.79487179487 2.44827586207 4.3119338833
2.79487179487 2.93103448276 4.39718356745
2.79487179487 3.41379310345 4.76708902871
2.79487179487 3.89655172414 5.08780925312
2.79487179487 4.37931034483 5.65440712453
2.79487179487 4.86206896552 7.02341437827
2.79487179487 5.34482758621 7.06664455956
2.79487179487 5.8275862069 7.58846663075
2.79487179487 6.31034482759 7.89147061191
2.79487179487 6.79310344828 8.54846758689
2.79487179487 7.27586206897 9.44300692577
2.79487179487 7.75862068966 9.79418974231
2.79487179487 8.24137931034 10.5310002428
2.79487179487 8.72413793103 11.0584041516
2.79487179487 9.20689655172 11.8627817698
2.79487179487 9.68965517241 12.229610063
2.79487179487 10.1724137931 12.7980792944
2.79487179487 10.6551724138 13.4228604875
2.79487179487 11.1379310345 14.2026463573
2.79487179487 11.6206896552 14.3594963848
2.79487179487 12.1034482759 14.9498482802
2.79487179487 12.5862068966 15.9930460871
2.79487179487 13.0689655172 16.0878127387
2.79487179487 13.5517241379 17.1411427789
2.79487179487 14.0344827586 17.1973030476
2.79487179487 14.5172413793 18.3454368663
2.79487179487 15.0 18.4651874665
2.84615384615 1.0 1.0
2.84615384615 1.48275862069 4.38863013997
2.84615384615 1.96551724138 4.43548816046
2.84615384615 2.44827586207 4.34130010158
2.84615384615 2.93103448276 4.39236616204
2.84615384615 3.41379310345 4.78968071094
2.84615384615 3.89655172414 5.04244520293
2.84615384615 4.37931034483 5.61156340649
2.84615384615 4.86206896552 6.83729161811
2.84615384615 5.34482758621 6.99572277939
2.84615384615 5.8275862069 7.48525862752
2.84615384615 6.31034482759 7.92936400108
2.84615384615 6.79310344828 8.52676221888
2.84615384615 7.27586206897 9.0567250538
2.84615384615 7.75862068966 9.82181545615
2.84615384615 8.24137931034 10.5044902159
2.84615384615 8.72413793103 11.0478570812
2.84615384615 9.20689655172 11.6933730516
2.84615384615 9.68965517241 12.2353633612
2.84615384615 10.1724137931 12.7492128419
2.84615384615 10.6551724138 13.4633147718
2.84615384615 11.1379310345 14.237208616
2.84615384615 11.6206896552 14.2800878741
2.84615384615 12.1034482759 15.0318516857
2.84615384615 12.5862068966 15.9863993387
2.84615384615 13.0689655172 16.1346007259
2.84615384615 13.5517241379 17.1567861704
2.84615384615 14.0344827586 17.2395128802
2.84615384615 14.5172413793 18.3692067925
2.84615384615 15.0 18.5002383085
2.89743589744 1.0 1.0
2.89743589744 1.48275862069 4.48731292827
2.89743589744 1.96551724138 4.23154801784
2.89743589744 2.44827586207 4.5290661143
2.89743589744 2.93103448276 4.27625694527
2.89743589744 3.41379310345 4.76450433428
2.89743589744 3.89655172414 5.30762353817
2.89743589744 4.37931034483 5.63474489084
2.89743589744 4.86206896552 6.82434574038
2.89743589744 5.34482758621 7.04172163989
2.89743589744 5.8275862069 7.47088026208
2.89743589744 6.31034482759 8.56122888801
2.89743589744 6.79310344828 8.55638646265
2.89743589744 7.27586206897 9.01425613893
2.89743589744 7.75862068966 9.77782968126
2.89743589744 8.24137931034 10.2541407323
2.89743589744 8.72413793103 11.1221585024
2.89743589744 9.20689655172 11.9492547185
2.89743589744 9.68965517241 12.2553297855
2.89743589744 10.1724137931 12.7147963316
2.89743589744 10.6551724138 13.557782257
2.89743589744 11.1379310345 14.2234813105
2.89743589744 11.6206896552 14.3003305436
2.89743589744 12.1034482759 15.0321076256
2.89743589744 12.5862068966 15.9916053883
2.89743589744 13.0689655172 16.1870293261
2.89743589744 13.5517241379 17.1902876807
2.89743589744 14.0344827586 17.179713982
2.89743589744 14.5172413793 18.4051486351
2.89743589744 15.0 18.5293028642
2.94871794872 1.0 1.0
2.94871794872 1.48275862069 4.43899716866
2.94871794872 1.96551724138 4.30046240467
2.94871794872 2.44827586207 4.46337324452
2.94871794872 2.93103448276 4.50317271469
2.94871794872 3.41379310345 4.65902155859
2.94871794872 3.89655172414 5.1719999849
2.94871794872 4.37931034483 5.66492427247
2.94871794872 4.86206896552 6.36329543584
2.94871794872 5.34482758621 7.05959804765
2.94871794872 5.8275862069 7.52440538584
2.94871794872 6.31034482759 7.97106801465
2.94871794872 6.79310344828 8.81205813006
2.94871794872 7.27586206897 9.09352269096
2.94871794872 7.75862068966 9.86163933557
2.94871794872 8.24137931034 10.0009599327
2.94871794872 8.72413793103 11.0920959371
2.94871794872 9.20689655172 11.974993966
2.94871794872 9.68965517241 12.232128245
2.94871794872 10.1724137931 12.7826331755
2.94871794872 10.6551724138 13.4634576162
2.94871794872 11.1379310345 14.2578253497
2.94871794872 11.6206896552 14.1629258131
2.94871794872 12.1034482759 15.1015857328
2.94871794872 12.5862068966 16.044882913
2.94871794872 13.0689655172 16.2459633483
2.94871794872 13.5517241379 17.2018534789
2.94871794872 14.0344827586 17.2703258815
2.94871794872 14.5172413793 18.4480561667
2.94871794872 15.0 18.5741792305
3.0 1.0 1.0
3.0 1.48275862069 4.36070999343
3.0 1.96551724138 4.29221746075
3.0 2.44827586207 4.70464290644
3.0 2.93103448276 4.47822697178
3.0 3.41379310345 4.5954358483
3.0 3.89655172414 4.88188953423
3.0 4.37931034483 6.08750424333
3.0 4.86206896552 6.40525871624
3.0 5.34482758621 7.14489100842
3.0 5.8275862069 7.61147611856
3.0 6.31034482759 7.99387706081
3.0 6.79310344828 8.58624540484
3.0 7.27586206897 9.16483903704
3.0 7.75862068966 9.41355939499
3.0 8.24137931034 10.4431102418
3.0 8.72413793103 11.1349704487
3.0 9.20689655172 11.9550619378
3.0 9.68965517241 12.2522945409
3.0 10.1724137931 12.8525881019
3.0 10.6551724138 13.6644282162
3.0 11.1379310345 14.2087383524
3.0 11.6206896552 14.5173449764
3.0 12.1034482759 15.1129470136
3.0 12.5862068966 16.1030945616
3.0 13.0689655172 16.1881343266
3.0 13.5517241379 17.2233478433
3.0 14.0344827586 17.3094438464
3.0 14.5172413793 18.4384611192
3.0 15.0 18.6163042801
