0.01 1.0 1.0
0.01 1.0 1.0
0.01 2.0 2.08213557957
0.01 2.0 1.9356927862
0.01 3.0 3.07190032435
0.01 3.0 2.94970837676
0.01 4.0 4.05289882369
0.01 4.0 3.94397979421
0.01 5.0 5.06287616258
0.01 5.0 4.94552265641
0.060404040404 1.0 1.0
0.060404040404 1.0 1.0
0.060404040404 2.0 2.47763992741
0.060404040404 2.0 1.56528157487
0.060404040404 3.0 3.43960991923
0.060404040404 3.0 2.43953875318
0.060404040404 4.0 4.20519237469
0.060404040404 4.0 3.60200437998
0.060404040404 5.0 5.366848571
0.060404040404 5.0 4.84129674367
0.110808080808 1.0 1.0
0.110808080808 1.0 1.0
0.110808080808 2.0 2.95630433201
0.110808080808 2.0 1.0976871414
0.110808080808 3.0 3.42051859394
0.110808080808 3.0 2.15416185217
0.110808080808 4.0 4.25281673664
0.110808080808 4.0 3.60434957176
0.110808080808 5.0 5.43528567151
0.110808080808 5.0 4.79396627056
0.161212121212 1.0 1.0
0.161212121212 1.0 1.0
0.161212121212 2.0 2.92780212318
0.161212121212 2.0 1.04128053517
0.161212121212 3.0 3.30382866037
0.161212121212 3.0 1.76206013058
0.161212121212 4.0 4.40449702541
0.161212121212 4.0 3.56742444664
0.161212121212 5.0 5.56067602171
0.161212121212 5.0 4.75099610384
0.211616161616 1.0 1.0
0.211616161616 1.0 1.0
0.211616161616 2.0 3.06038264681
0.211616161616 2.0 1.03842602847
0.211616161616 3.0 3.35471851272
0.211616161616 3.0 1.08292263124
0.211616161616 4.0 4.41589272267
0.211616161616 4.0 3.49672718308
0.211616161616 5.0 5.58233388449
0.211616161616 5.0 4.65856058981
0.26202020202 1.0 1.0
0.26202020202 1.0 1.0
0.26202020202 2.0 3.18354891747
0.26202020202 2.0 1.0119353806
0.26202020202 3.0 3.39005568291
0.26202020202 3.0 1.79172846331
0.26202020202 4.0 4.45268591034
0.26202020202 4.0 3.5390887382
0.26202020202 5.0 5.6110546939
0.26202020202 5.0 4.68236907734
0.312424242424 1.0 1.0
0.312424242424 1.0 1.0
0.312424242424 2.0 3.18649170482
0.312424242424 2.0 1.08030041735
0.312424242424 3.0 3.37191260172
0.312424242424 3.0 1.48415224391
0.312424242424 4.0 4.47670961277
0.312424242424 4.0 3.52641243728
0.312424242424 5.0 5.63569768541
0.312424242424 5.0 4.52288577802
0.362828282828 1.0 1.0
0.362828282828 1.0 1.0
0.362828282828 2.0 2.64420870092
0.362828282828 2.0 1.04502563199
0.362828282828 3.0 3.46982124748
0.362828282828 3.0 2.23130707821
0.362828282828 4.0 4.51588225875
0.362828282828 4.0 3.52184834493
0.362828282828 5.0 5.64347660017
0.362828282828 5.0 4.50096552641
0.413232323232 1.0 1.0
0.413232323232 1.0 1.0
0.413232323232 2.0 2.68658150196
0.413232323232 2.0 1.00303344056
0.413232323232 3.0 3.49603403731
0.413232323232 3.0 2.24388659278
0.413232323232 4.0 4.52797065405
0.413232323232 4.0 3.47915071842
0.413232323232 5.0 5.61192282115
0.413232323232 5.0 4.2787068337
0.463636363636 1.0 1.0
0.463636363636 1.0 1.0
0.463636363636 2.0 2.45972931139
0.463636363636 2.0 1.02037222712
0.463636363636 3.0 3.65300612416
0.463636363636 3.0 2.18695015798
0.463636363636 4.0 4.56856522491
0.463636363636 4.0 3.51253339838
0.463636363636 5.0 5.65038791817
0.463636363636 5.0 4.46435074139
0.51404040404 1.0 1.0
0.51404040404 1.0 1.0
0.51404040404 2.0 2.47643331785
0.51404040404 2.0 1.0305692721
0.51404040404 3.0 3.74027016399
0.51404040404 3.0 2.16338042901
0.51404040404 4.0 4.59352957465
0.51404040404 4.0 3.49950750939
0.51404040404 5.0 5.80807856827
0.51404040404 5.0 4.43270499346
0.564444444444 1.0 1.0
0.564444444444 1.0 1.0
0.564444444444 2.0 2.55547279509
0.564444444444 2.0 1.02498170947
0.564444444444 3.0 3.86083718198
0.564444444444 3.0 2.18534975262
0.564444444444 4.0 4.57943985607
0.564444444444 4.0 3.4583698107
0.564444444444 5.0 5.88420250323
0.564444444444 5.0 4.35333286742
0.614848484848 1.0 1.0
0.614848484848 1.0 1.0
0.614848484848 2.0 3.08255865069
0.614848484848 2.0 1.04212940158
0.614848484848 3.0 3.84613124713
0.614848484848 3.0 2.11339552922
0.614848484848 4.0 4.61629861895
0.614848484848 4.0 3.39720306044
0.614848484848 5.0 5.92367862492
0.614848484848 5.0 4.34997889385
0.665252525253 1.0 1.0
0.665252525253 1.0 1.0
0.665252525253 2.0 3.27525027491
0.665252525253 2.0 1.04485919892
0.665252525253 3.0 3.77865984351
0.665252525253 3.0 2.05789476592
0.665252525253 4.0 4.81436842527
0.665252525253 4.0 3.30680394381
0.665252525253 5.0 6.02974017699
0.665252525253 5.0 4.26002482274
0.715656565657 1.0 1.0
0.715656565657 1.0 1.0
0.715656565657 2.0 3.25124607565
0.715656565657 2.0 1.02982369402
0.715656565657 3.0 3.76061817224
0.715656565657 3.0 2.05911304423
0.715656565657 4.0 4.7452677413
0.715656565657 4.0 3.30090397195
0.715656565657 5.0 6.06720129544
0.715656565657 5.0 4.21447906173
0.766060606061 1.0 1.0
0.766060606061 1.0 1.0
0.766060606061 2.0 2.63330668372
0.766060606061 2.0 1.00964440933
0.766060606061 3.0 3.7935682593
0.766060606061 3.0 2.03309166797
0.766060606061 4.0 4.86058483243
0.766060606061 4.0 3.31343775512
0.766060606061 5.0 6.12031803022
0.766060606061 5.0 4.28953464357
0.816464646465 1.0 1.0
0.816464646465 1.0 1.0
0.816464646465 2.0 3.23955717928
0.816464646465 2.0 1.0183491455
0.816464646465 3.0 3.79834165803
0.816464646465 3.0 2.07997575828
0.816464646465 4.0 4.7552656762
0.816464646465 4.0 3.31653672141
0.816464646465 5.0 6.10317444301
0.816464646465 5.0 4.26039481078
0.866868686869 1.0 1.0
0.866868686869 1.0 1.0
0.866868686869 2.0 2.80473307196
0.866868686869 2.0 1.03412137221
0.866868686869 3.0 3.81256483165
0.866868686869 3.0 2.07231155097
0.866868686869 4.0 4.75696187949
0.866868686869 4.0 3.24039925919
0.866868686869 5.0 6.14279278521
0.866868686869 5.0 4.1988177869
0.917272727273 1.0 1.0
0.917272727273 1.0 1.0
0.917272727273 2.0 2.89735283769
0.917272727273 2.0 1.00217928686
0.917272727273 3.0 3.86103156741
0.917272727273 3.0 2.2362020205
0.917272727273 4.0 4.74003790123
0.917272727273 4.0 3.28725405078
0.917272727273 5.0 6.23474567927
0.917272727273 5.0 4.15305240273
0.967676767677 1.0 1.0
0.967676767677 1.0 1.0
0.967676767677 2.0 2.88236762423
0.967676767677 2.0 1.06281637839
0.967676767677 3.0 3.70824845455
0.967676767677 3.0 2.24222903179
0.967676767677 4.0 4.79400554081
0.967676767677 4.0 3.24786662479
0.967676767677 5.0 6.25222752723
0.967676767677 5.0 4.24104046785
1.01808080808 1.0 1.0
1.01808080808 1.0 1.0
1.01808080808 2.0 3.04340075915
1.01808080808 2.0 1.00830228369
1.01808080808 3.0 3.70528683018
1.01808080808 3.0 2.20590361396
1.01808080808 4.0 4.79577233665
1.01808080808 4.0 3.1818362258
1.01808080808 5.0 6.26195678728
1.01808080808 5.0 4.19790892995
1.06848484848 1.0 1.0
1.06848484848 1.0 1.0
1.06848484848 2.0 2.67349152123
1.06848484848 2.0 1.02934353229
1.06848484848 3.0 3.76044778484
1.06848484848 3.0 2.2079628643
1.06848484848 4.0 4.88194583798
1.06848484848 4.0 3.08036282338
1.06848484848 5.0 6.28665635587
1.06848484848 5.0 4.10569477544
1.11888888889 1.0 1.0
1.11888888889 1.0 1.0
1.11888888889 2.0 2.85717969539
1.11888888889 2.0 1.03449164994
1.11888888889 3.0 3.89024907909
1.11888888889 3.0 2.22602896895
1.11888888889 4.0 4.99087999537
1.11888888889 4.0 3.11624567957
1.11888888889 5.0 6.30380404012
1.11888888889 5.0 3.79508480009
1.16929292929 1.0 1.0
1.16929292929 1.0 1.0
1.16929292929 2.0 2.83270332552
1.16929292929 2.0 1.05351846736
1.16929292929 3.0 4.02898026984
1.16929292929 3.0 2.12482856893
1.16929292929 4.0 5.03693245623
1.16929292929 4.0 3.07652104211
1.16929292929 5.0 6.32268563327
1.16929292929 5.0 3.58562382465
1.2196969697 1.0 1.0
1.2196969697 1.0 1.0
1.2196969697 2.0 2.85883882296
1.2196969697 2.0 1.03852326205
1.2196969697 3.0 3.95790940442
1.2196969697 3.0 2.17836920008
1.2196969697 4.0 5.13043998123
1.2196969697 4.0 2.94323543235
1.2196969697 5.0 6.26023825696
1.2196969697 5.0 3.45420439192
1.2701010101 1.0 1.0
1.2701010101 1.0 1.0
1.2701010101 2.0 2.78357548641
1.2701010101 2.0 1.02265724167
1.2701010101 3.0 4.97112860038
1.2701010101 3.0 2.14927262232
1.2701010101 4.0 5.16895423155
1.2701010101 4.0 3.00769008862
1.2701010101 5.0 6.31746361836
1.2701010101 5.0 3.13194271825
1.32050505051 1.0 1.0
1.32050505051 1.0 1.0
1.32050505051 2.0 2.96597112948
1.32050505051 2.0 1.02612674939
1.32050505051 3.0 4.41717608861
1.32050505051 3.0 2.15353377411
1.32050505051 4.0 5.11120825724
1.32050505051 4.0 2.77222559028
1.32050505051 5.0 6.35331895254
1.32050505051 5.0 3.41788877732
1.37090909091 1.0 1.0
1.37090909091 1.0 1.0
1.37090909091 2.0 2.98714127734
1.37090909091 2.0 1.03365294969
1.37090909091 3.0 4.36688314182
1.37090909091 3.0 1.75168796063
1.37090909091 4.0 5.3180859067
1.37090909091 4.0 2.83289363477
1.37090909091 5.0 6.36238003328
1.37090909091 5.0 3.34517405942
1.42131313131 1.0 1.0
1.42131313131 1.0 1.0
1.42131313131 2.0 3.04274838015
1.42131313131 2.0 1.00948214377
1.42131313131 3.0 4.33284243195
1.42131313131 3.0 1.3035312482
1.42131313131 4.0 5.23796174748
1.42131313131 4.0 2.96465896937
1.42131313131 5.0 6.13936922294
1.42131313131 5.0 3.33178852026
1.47171717172 1.0 1.0
1.47171717172 1.0 1.0
1.47171717172 2.0 3.04868692166
1.47171717172 2.0 1.04661221284
1.47171717172 3.0 4.29005053722
1.47171717172 3.0 1.06507573845
1.47171717172 4.0 5.19787494864
1.47171717172 4.0 2.8294846792
1.47171717172 5.0 6.33241646195
1.47171717172 5.0 3.39689781891
1.52212121212 1.0 1.0
1.52212121212 1.0 1.0
1.52212121212 2.0 3.17634937449
1.52212121212 2.0 1.02771475125
1.52212121212 3.0 4.15565547882
1.52212121212 3.0 1.10076910062
1.52212121212 4.0 5.09584990394
1.52212121212 4.0 2.67440549161
1.52212121212 5.0 6.10029529427
1.52212121212 5.0 3.25119351613
1.57252525253 1.0 1.0
1.57252525253 1.0 1.0
1.57252525253 2.0 3.07470433267
1.57252525253 2.0 1.02259374356
1.57252525253 3.0 4.3577874383
1.57252525253 3.0 1.05374499745
1.57252525253 4.0 5.08453934752
1.57252525253 4.0 2.91618553121
1.57252525253 5.0 6.08073964681
1.57252525253 5.0 3.43303211988
1.62292929293 1.0 1.0
1.62292929293 1.0 1.0
1.62292929293 2.0 3.21810992988
1.62292929293 2.0 1.00401867465
1.62292929293 3.0 4.19066634076
1.62292929293 3.0 1.1968538606
1.62292929293 4.0 5.1777188189
1.62292929293 4.0 2.65059817378
1.62292929293 5.0 6.12919661334
1.62292929293 5.0 3.87634173655
1.67333333333 1.0 1.0
1.67333333333 1.0 1.0
1.67333333333 2.0 3.17532260641
1.67333333333 2.0 1.0079403341
1.67333333333 3.0 4.19405866402
1.67333333333 3.0 1.13088199674
1.67333333333 4.0 5.16286730663
1.67333333333 4.0 2.90979106852
1.67333333333 5.0 6.21046042337
1.67333333333 5.0 3.70105920968
1.72373737374 1.0 1.0
1.72373737374 1.0 1.0
1.72373737374 2.0 3.15148820195
1.72373737374 2.0 1.03731537167
1.72373737374 3.0 4.25159138648
1.72373737374 3.0 1.03280984351
1.72373737374 4.0 5.20971262753
1.72373737374 4.0 2.79034931428
1.72373737374 5.0 6.38617434789
1.72373737374 5.0 3.49060748598
1.77414141414 1.0 1.0
1.77414141414 1.0 1.0
1.77414141414 2.0 3.10320965458
1.77414141414 2.0 1.00522897159
1.77414141414 3.0 4.21100753843
1.77414141414 3.0 1.00934900132
1.77414141414 4.0 5.24367960178
1.77414141414 4.0 2.68755290793
1.77414141414 5.0 6.51286984272
1.77414141414 5.0 3.40593925037
1.82454545455 1.0 1.0
1.82454545455 1.0 1.0
1.82454545455 2.0 3.22012910806
1.82454545455 2.0 1.05725293487
1.82454545455 3.0 4.25208099965
1.82454545455 3.0 1.07043202684
1.82454545455 4.0 5.29001766054
1.82454545455 4.0 2.77353440277
1.82454545455 5.0 6.52075870775
1.82454545455 5.0 3.52952118404
1.87494949495 1.0 1.0
1.87494949495 1.0 1.0
1.87494949495 2.0 3.35550669795
1.87494949495 2.0 1.01816380408
1.87494949495 3.0 4.36951952202
1.87494949495 3.0 1.01757267829
1.87494949495 4.0 5.26238757009
1.87494949495 4.0 2.71139784982
1.87494949495 5.0 6.62387220199
1.87494949495 5.0 3.61667762073
1.92535353535 1.0 1.0
1.92535353535 1.0 1.0
1.92535353535 2.0 3.57471361752
1.92535353535 2.0 1.1378759862
1.92535353535 3.0 4.37051790567
1.92535353535 3.0 1.12017032566
1.92535353535 4.0 5.42769353067
1.92535353535 4.0 2.75806580194
1.92535353535 5.0 6.69055626297
1.92535353535 5.0 3.42389183421
1.97575757576 1.0 1.0
1.97575757576 1.0 1.0
1.97575757576 2.0 3.88597888322
1.97575757576 2.0 1.03902778001
1.97575757576 3.0 4.41887719494
1.97575757576 3.0 1.11549245911
1.97575757576 4.0 5.34759107897
1.97575757576 4.0 1.7737534096
1.97575757576 5.0 6.66400409395
1.97575757576 5.0 3.4331295567
2.02616161616 1.0 1.0
2.02616161616 1.0 1.0
2.02616161616 2.0 3.78520111829
2.02616161616 2.0 1.02878234241
2.02616161616 3.0 4.26465661774
2.02616161616 3.0 1.08395922472
2.02616161616 4.0 5.40891047948
2.02616161616 4.0 2.32161466161
2.02616161616 5.0 6.74698710322
2.02616161616 5.0 3.43752947289
2.07656565657 1.0 1.0
2.07656565657 1.0 1.0
2.07656565657 2.0 3.85575334472
2.07656565657 2.0 1.02553271365
2.07656565657 3.0 3.97659516489
2.07656565657 3.0 1.12647458828
2.07656565657 4.0 5.34190959055
2.07656565657 4.0 2.85994001932
2.07656565657 5.0 6.80310100272
2.07656565657 5.0 3.58642979586
2.12696969697 1.0 1.0
2.12696969697 1.0 1.0
2.12696969697 2.0 3.7574296817
2.12696969697 2.0 1.0643140452
2.12696969697 3.0 4.04999235098
2.12696969697 3.0 1.11291921627
2.12696969697 4.0 5.41087425254
2.12696969697 4.0 2.13732936061
2.12696969697 5.0 6.74071656293
2.12696969697 5.0 3.531861317
2.17737373737 1.0 1.0
2.17737373737 1.0 1.0
2.17737373737 2.0 3.67898541598
2.17737373737 2.0 1.02908759408
2.17737373737 3.0 4.3913982565
2.17737373737 3.0 1.07959822872
2.17737373737 4.0 5.32317170019
2.17737373737 4.0 2.83826415324
2.17737373737 5.0 6.89371884569
2.17737373737 5.0 3.5693895024
2.22777777778 1.0 1.0
2.22777777778 1.0 1.0
2.22777777778 2.0 3.91203121262
2.22777777778 2.0 1.07164401669
2.22777777778 3.0 4.02588451117
2.22777777778 3.0 1.03024452496
2.22777777778 4.0 5.28456190198
2.22777777778 4.0 2.89531091792
2.22777777778 5.0 6.86825869621
2.22777777778 5.0 3.46100194897
2.27818181818 1.0 1.0
2.27818181818 1.0 1.0
2.27818181818 2.0 3.86348085833
2.27818181818 2.0 1.08175101067
2.27818181818 3.0 4.1973065134
2.27818181818 3.0 1.070309621
2.27818181818 4.0 5.28136281581
2.27818181818 4.0 1.54428905625
2.27818181818 5.0 7.00534863128
2.27818181818 5.0 3.51189823303
2.32858585859 1.0 1.0
2.32858585859 1.0 1.0
2.32858585859 2.0 3.97651007104
2.32858585859 2.0 1.16632780933
2.32858585859 3.0 4.03820998101
2.32858585859 3.0 1.03737887646
2.32858585859 4.0 5.32729321689
2.32858585859 4.0 2.74019520533
2.32858585859 5.0 6.95069695838
2.32858585859 5.0 3.91127157709
2.37898989899 1.0 1.0
2.37898989899 1.0 1.0
2.37898989899 2.0 4.00831606495
2.37898989899 2.0 1.00206632341
2.37898989899 3.0 4.12215479129
2.37898989899 3.0 1.04611207138
2.37898989899 4.0 5.35778465426
2.37898989899 4.0 1.88121440149
2.37898989899 5.0 6.8858084704
2.37898989899 5.0 3.68894743158
2.42939393939 1.0 1.0
2.42939393939 1.0 1.0
2.42939393939 2.0 4.08188545159
2.42939393939 2.0 1.0341107562
2.42939393939 3.0 4.21231746307
2.42939393939 3.0 1.0490247688
2.42939393939 4.0 5.33528308398
2.42939393939 4.0 1.6830333522
2.42939393939 5.0 7.19653010744
2.42939393939 5.0 3.51250341914
2.4797979798 1.0 1.0
2.4797979798 1.0 1.0
2.4797979798 2.0 4.02392103837
2.4797979798 2.0 1.02545216696
2.4797979798 3.0 4.1599445412
2.4797979798 3.0 1.0966737065
2.4797979798 4.0 5.33598220533
2.4797979798 4.0 1.81604872204
2.4797979798 5.0 6.92337355155
2.4797979798 5.0 3.75165437997
2.5302020202 1.0 1.0
2.5302020202 1.0 1.0
2.5302020202 2.0 4.22546701866
2.5302020202 2.0 1.03298079337
2.5302020202 3.0 4.15450722136
2.5302020202 3.0 1.04470083628
2.5302020202 4.0 5.39047227212
2.5302020202 4.0 1.05201776853
2.5302020202 5.0 6.98360075777
2.5302020202 5.0 3.81870343663
2.58060606061 1.0 1.0
2.58060606061 1.0 1.0
2.58060606061 2.0 4.15937785075
2.58060606061 2.0 1.09107581286
2.58060606061 3.0 4.13735249391
2.58060606061 3.0 1.12784444328
2.58060606061 4.0 5.45503667487
2.58060606061 4.0 1.56228324036
2.58060606061 5.0 7.05710274149
2.58060606061 5.0 3.65822482989
2.63101010101 1.0 1.0
2.63101010101 1.0 1.0
2.63101010101 2.0 4.20883540649
2.63101010101 2.0 1.05465161902
2.63101010101 3.0 4.23928214291
2.63101010101 3.0 1.04023117039
2.63101010101 4.0 5.50275159021
2.63101010101 4.0 1.62642540612
2.63101010101 5.0 6.92465755489
2.63101010101 5.0 3.6124962887
2.68141414141 1.0 1.0
2.68141414141 1.0 1.0
2.68141414141 2.0 4.02882351751
2.68141414141 2.0 1.1230491379
2.68141414141 3.0 4.29847909109
2.68141414141 3.0 1.0067775275
2.68141414141 4.0 5.34705860497
2.68141414141 4.0 1.04125463046
2.68141414141 5.0 6.97767907608
2.68141414141 5.0 3.56315002247
2.73181818182 1.0 1.0
2.73181818182 1.0 1.0
2.73181818182 2.0 4.24092050245
2.73181818182 2.0 1.0259864678
2.73181818182 3.0 4.30894758707
2.73181818182 3.0 1.00532384352
2.73181818182 4.0 5.39359329674
2.73181818182 4.0 1.21874692594
2.73181818182 5.0 6.95121919074
2.73181818182 5.0 3.55135352448
2.78222222222 1.0 1.0
2.78222222222 1.0 1.0
2.78222222222 2.0 4.47827283198
2.78222222222 2.0 1.00105927598
2.78222222222 3.0 4.48349736119
2.78222222222 3.0 1.07226674681
2.78222222222 4.0 5.3630393324
2.78222222222 4.0 1.05097944948
2.78222222222 5.0 7.00569457199
2.78222222222 5.0 3.56888677892
2.83262626263 1.0 1.0
2.83262626263 1.0 1.0
2.83262626263 2.0 4.37863385306
2.83262626263 2.0 1.00849368657
2.83262626263 3.0 4.49620839032
2.83262626263 3.0 1.02738509771
2.83262626263 4.0 5.37630522739
2.83262626263 4.0 1.02607532712
2.83262626263 5.0 7.04014681645
2.83262626263 5.0 3.57789880103
2.88303030303 1.0 1.0
2.88303030303 1.0 1.0
2.88303030303 2.0 4.44986094428
2.88303030303 2.0 1.09740741386
2.88303030303 3.0 4.30239932306
2.88303030303 3.0 1.03140864044
2.88303030303 4.0 5.40357705159
2.88303030303 4.0 1.08125039261
2.88303030303 5.0 7.15862230017
2.88303030303 5.0 3.62054846939
2.93343434343 1.0 1.0
2.93343434343 1.0 1.0
2.93343434343 2.0 4.39758291182
2.93343434343 2.0 1.01762773923
2.93343434343 3.0 4.68282991636
2.93343434343 3.0 1.0941044493
2.93343434343 4.0 5.39546946036
2.93343434343 4.0 1.20566067092
2.93343434343 5.0 6.99960186822
2.93343434343 5.0 3.54868921486
2.98383838384 1.0 1.0
2.98383838384 1.0 1.0
2.98383838384 2.0 4.22586772737
2.98383838384 2.0 1.15049366429
2.98383838384 3.0 4.44807843368
2.98383838384 3.0 1.02480186635
2.98383838384 4.0 5.28989804837
2.98383838384 4.0 1.13009476334
2.98383838384 5.0 7.19225136251
2.98383838384 5.0 3.6022344867
3.03424242424 1.0 1.0
3.03424242424 1.0 1.0
3.03424242424 2.0 4.493915761
3.03424242424 2.0 1.01405213321
3.03424242424 3.0 4.50229881131
3.03424242424 3.0 1.00427808962
3.03424242424 4.0 5.33554950444
3.03424242424 4.0 1.08170184502
3.03424242424 5.0 7.13771671405
3.03424242424 5.0 3.5456614446
3.08464646465 1.0 1.0
3.08464646465 1.0 1.0
3.08464646465 2.0 4.40516388542
3.08464646465 2.0 1.00159577916
3.08464646465 3.0 4.69704357796
3.08464646465 3.0 1.05191987324
3.08464646465 4.0 5.401657778
3.08464646465 4.0 1.50781573176
3.08464646465 5.0 7.11964852924
3.08464646465 5.0 3.56744816837
3.13505050505 1.0 1.0
3.13505050505 1.0 1.0
3.13505050505 2.0 4.69032292407
3.13505050505 2.0 1.15069150766
3.13505050505 3.0 4.68753461716
3.13505050505 3.0 1.04814197428
3.13505050505 4.0 5.40525569419
3.13505050505 4.0 1.04526249344
3.13505050505 5.0 7.1272172073
3.13505050505 5.0 3.61177608626
3.18545454545 1.0 1.0
3.18545454545 1.0 1.0
3.18545454545 2.0 4.48976536712
3.18545454545 2.0 1.17728999874
3.18545454545 3.0 4.59910023155
3.18545454545 3.0 1.0342752244
3.18545454545 4.0 5.1909388297
3.18545454545 4.0 1.03518106938
3.18545454545 5.0 7.18645001109
3.18545454545 5.0 3.58260716524
3.23585858586 1.0 1.0
3.23585858586 1.0 1.0
3.23585858586 2.0 4.71444105272
3.23585858586 2.0 1.1080868007
3.23585858586 3.0 4.69533952033
3.23585858586 3.0 1.11382720371
3.23585858586 4.0 5.30433045961
3.23585858586 4.0 1.01021394837
3.23585858586 5.0 7.21483916315
3.23585858586 5.0 3.60301578663
3.28626262626 1.0 1.0
3.28626262626 1.0 1.0
3.28626262626 2.0 4.78569607011
3.28626262626 2.0 1.04441373764
3.28626262626 3.0 4.7067085497
3.28626262626 3.0 1.01237713255
3.28626262626 4.0 5.0450349842
3.28626262626 4.0 1.06305395431
3.28626262626 5.0 7.1864712238
3.28626262626 5.0 3.62511004025
3.33666666667 1.0 1.0
3.33666666667 1.0 1.0
3.33666666667 2.0 4.27961691212
3.33666666667 2.0 1.13083842302
3.33666666667 3.0 4.57392338428
3.33666666667 3.0 1.03200388611
3.33666666667 4.0 5.12829084807
3.33666666667 4.0 1.0035151416
3.33666666667 5.0 7.18602857935
3.33666666667 5.0 3.54124753401
3.38707070707 1.0 1.0
3.38707070707 1.0 1.0
3.38707070707 2.0 4.79950751873
3.38707070707 2.0 1.05144329524
3.38707070707 3.0 4.84365221972
3.38707070707 3.0 1.0093933667
3.38707070707 4.0 5.2150073027
3.38707070707 4.0 1.58747508327
3.38707070707 5.0 7.27394850338
3.38707070707 5.0 3.30518754315
3.43747474747 1.0 1.0
3.43747474747 1.0 1.0
3.43747474747 2.0 4.54136415661
3.43747474747 2.0 1.06225341478
3.43747474747 3.0 4.86677549286
3.43747474747 3.0 1.0848703204
3.43747474747 4.0 5.15227856611
3.43747474747 4.0 1.05660937745
3.43747474747 5.0 7.15904963009
3.43747474747 5.0 2.82026654782
3.48787878788 1.0 1.0
3.48787878788 1.0 1.0
3.48787878788 2.0 4.78768680779
3.48787878788 2.0 1.07647674251
3.48787878788 3.0 4.7988825329
3.48787878788 3.0 1.09854029996
3.48787878788 4.0 5.28130558091
3.48787878788 4.0 1.02089486769
3.48787878788 5.0 7.16380115728
3.48787878788 5.0 3.36578348925
3.53828282828 1.0 1.0
3.53828282828 1.0 1.0
3.53828282828 2.0 4.88486535162
3.53828282828 2.0 1.08219377824
3.53828282828 3.0 4.60933819813
3.53828282828 3.0 1.05458154262
3.53828282828 4.0 5.33755215278
3.53828282828 4.0 1.13374630377
3.53828282828 5.0 7.21952841884
3.53828282828 5.0 2.85634347098
3.58868686869 1.0 1.0
3.58868686869 1.0 1.0
3.58868686869 2.0 4.81261089911
3.58868686869 2.0 1.05914097246
3.58868686869 3.0 4.86866316463
3.58868686869 3.0 1.06040026152
3.58868686869 4.0 5.35203648654
3.58868686869 4.0 1.03294062048
3.58868686869 5.0 7.18173051962
3.58868686869 5.0 2.34519465526
3.63909090909 1.0 1.0
3.63909090909 1.0 1.0
3.63909090909 2.0 4.80024356119
3.63909090909 2.0 1.07211981447
3.63909090909 3.0 5.11855085426
3.63909090909 3.0 1.08239680839
3.63909090909 4.0 5.3771554507
3.63909090909 4.0 1.32979602091
3.63909090909 5.0 7.20621906708
3.63909090909 5.0 2.6497725691
3.68949494949 1.0 1.0
3.68949494949 1.0 1.0
3.68949494949 2.0 4.82176738688
3.68949494949 2.0 1.07323628526
3.68949494949 3.0 4.84977916621
3.68949494949 3.0 1.04361773048
3.68949494949 4.0 5.47728775807
3.68949494949 4.0 1.20198697645
3.68949494949 5.0 7.21428792306
3.68949494949 5.0 1.47752734418
3.7398989899 1.0 1.0
3.7398989899 1.0 1.0
3.7398989899 2.0 4.76150323916
3.7398989899 2.0 1.00269354363
3.7398989899 3.0 5.19229331984
3.7398989899 3.0 1.06632140058
3.7398989899 4.0 5.41925032487
3.7398989899 4.0 1.08747570077
3.7398989899 5.0 7.20844043185
3.7398989899 5.0 1.97119270056
3.7903030303 1.0 1.0
3.7903030303 1.0 1.0
3.7903030303 2.0 5.07170487419
3.7903030303 2.0 1.01288003532
3.7903030303 3.0 4.8646154921
3.7903030303 3.0 1.05513395101
3.7903030303 4.0 5.37497689092
3.7903030303 4.0 1.07160223572
3.7903030303 5.0 7.10346228771
3.7903030303 5.0 1.96205122649
3.84070707071 1.0 1.0
3.84070707071 1.0 1.0
3.84070707071 2.0 4.82281896922
3.84070707071 2.0 1.03436817579
3.84070707071 3.0 5.04062429174
3.84070707071 3.0 1.00530010588
3.84070707071 4.0 5.46674181687
3.84070707071 4.0 1.29212568473
3.84070707071 5.0 7.28502647579
3.84070707071 5.0 2.2617462292
3.89111111111 1.0 1.0
3.89111111111 1.0 1.0
3.89111111111 2.0 4.97922803282
3.89111111111 2.0 1.06899040061
3.89111111111 3.0 4.8626045112
3.89111111111 3.0 1.01969642928
3.89111111111 4.0 5.67678745536
3.89111111111 4.0 1.21326768806
3.89111111111 5.0 7.31625922765
3.89111111111 5.0 1.90084790993
3.94151515152 1.0 1.0
3.94151515152 1.0 1.0
3.94151515152 2.0 5.12446814369
3.94151515152 2.0 1.06691652146
3.94151515152 3.0 5.1074259422
3.94151515152 3.0 1.0838520453
3.94151515152 4.0 5.66637021979
3.94151515152 4.0 1.08180259775
3.94151515152 5.0 7.27158087768
3.94151515152 5.0 1.98241000773
3.99191919192 1.0 1.0
3.99191919192 1.0 1.0
3.99191919192 2.0 5.08440299171
3.99191919192 2.0 1.036218925
3.99191919192 3.0 5.17035853571
3.99191919192 3.0 1.10093229711
3.99191919192 4.0 5.46588614607
3.99191919192 4.0 1.02799955712
3.99191919192 5.0 7.36112827258
3.99191919192 5.0 1.25915457922
4.04232323232 1.0 1.0
4.04232323232 1.0 1.0
4.04232323232 2.0 4.84256197487
4.04232323232 2.0 1.09048796254
4.04232323232 3.0 5.51391069932
4.04232323232 3.0 1.02989590026
4.04232323232 4.0 5.65966368595
4.04232323232 4.0 1.26674389793
4.04232323232 5.0 7.35896797263
4.04232323232 5.0 1.77902575538
4.09272727273 1.0 1.0
4.09272727273 1.0 1.0
4.09272727273 2.0 4.98083503858
4.09272727273 2.0 1.09627123613
4.09272727273 3.0 5.15238090726
4.09272727273 3.0 1.01740240862
4.09272727273 4.0 5.65502995573
4.09272727273 4.0 1.08456722202
4.09272727273 5.0 7.34708770945
4.09272727273 5.0 1.63917063476
4.14313131313 1.0 1.0
4.14313131313 1.0 1.0
4.14313131313 2.0 5.26958186372
4.14313131313 2.0 1.04465645792
4.14313131313 3.0 5.77265830274
4.14313131313 3.0 1.01122771479
4.14313131313 4.0 5.81644090418
4.14313131313 4.0 1.02633287867
4.14313131313 5.0 7.296613713
4.14313131313 5.0 1.57339696686
4.19353535354 1.0 1.0
4.19353535354 1.0 1.0
4.19353535354 2.0 5.25988785611
4.19353535354 2.0 1.06715076251
4.19353535354 3.0 5.53491503541
4.19353535354 3.0 1.087413274
4.19353535354 4.0 5.80660447366
4.19353535354 4.0 1.07124783902
4.19353535354 5.0 7.22953866813
4.19353535354 5.0 1.56129507272
4.24393939394 1.0 1.0
4.24393939394 1.0 1.0
4.24393939394 2.0 5.28378697884
4.24393939394 2.0 1.00894902761
4.24393939394 3.0 5.16083968741
4.24393939394 3.0 1.01004754358
4.24393939394 4.0 5.81482279328
4.24393939394 4.0 1.10076556957
4.24393939394 5.0 7.24594547598
4.24393939394 5.0 1.5074308964
4.29434343434 1.0 1.0
4.29434343434 1.0 1.0
4.29434343434 2.0 5.03013706557
4.29434343434 2.0 1.00354959771
4.29434343434 3.0 5.10656427227
4.29434343434 3.0 1.04552089942
4.29434343434 4.0 5.9140332626
4.29434343434 4.0 1.07027991471
4.29434343434 5.0 7.23548295443
4.29434343434 5.0 1.58336963568
4.34474747475 1.0 1.0
4.34474747475 1.0 1.0
4.34474747475 2.0 5.14622703348
4.34474747475 2.0 1.10245592204
4.34474747475 3.0 4.9600055559
4.34474747475 3.0 1.178452939
4.34474747475 4.0 5.87519873149
4.34474747475 4.0 1.08480558525
4.34474747475 5.0 7.02015934677
4.34474747475 5.0 1.53109097654
4.39515151515 1.0 1.0
4.39515151515 1.0 1.0
4.39515151515 2.0 5.50343368253
4.39515151515 2.0 1.47229963963
4.39515151515 3.0 5.8216119045
4.39515151515 3.0 1.04171240067
4.39515151515 4.0 5.52625203297
4.39515151515 4.0 1.09438592018
4.39515151515 5.0 7.05326243861
4.39515151515 5.0 1.83826455932
4.44555555556 1.0 1.0
4.44555555556 1.0 1.0
4.44555555556 2.0 5.09767983008
4.44555555556 2.0 1.00305203157
4.44555555556 3.0 5.78217625552
4.44555555556 3.0 1.03203886092
4.44555555556 4.0 5.86470998347
4.44555555556 4.0 1.39981516718
4.44555555556 5.0 6.98813204199
4.44555555556 5.0 1.22747246667
4.49595959596 1.0 1.0
4.49595959596 1.0 1.0
4.49595959596 2.0 5.32874448264
4.49595959596 2.0 1.1194977885
4.49595959596 3.0 5.61066174124
4.49595959596 3.0 1.11468253764
4.49595959596 4.0 5.96058176868
4.49595959596 4.0 1.04708473637
4.49595959596 5.0 6.83422659952
4.49595959596 5.0 1.13705296706
4.54636363636 1.0 1.0
4.54636363636 1.0 1.0
4.54636363636 2.0 5.83428458701
4.54636363636 2.0 1.09893742418
4.54636363636 3.0 5.80603461379
4.54636363636 3.0 1.03975717677
4.54636363636 4.0 6.0084612144
4.54636363636 4.0 1.18008188111
4.54636363636 5.0 6.8783821227
4.54636363636 5.0 1.30746626747
4.59676767677 1.0 1.0
4.59676767677 1.0 1.0
4.59676767677 2.0 5.67441670131
4.59676767677 2.0 1.02843541009
4.59676767677 3.0 5.90416043065
4.59676767677 3.0 1.06259729981
4.59676767677 4.0 5.91746332726
4.59676767677 4.0 1.02450227818
4.59676767677 5.0 6.71727585413
4.59676767677 5.0 1.2560588373
4.64717171717 1.0 1.0
4.64717171717 1.0 1.0
4.64717171717 2.0 5.6630313392
4.64717171717 2.0 1.05410841918
4.64717171717 3.0 5.30712027783
4.64717171717 3.0 1.04208844847
4.64717171717 4.0 6.04064099637
4.64717171717 4.0 1.50493822386
4.64717171717 5.0 7.05732797375
4.64717171717 5.0 1.35343674521
4.69757575758 1.0 1.0
4.69757575758 1.0 1.0
4.69757575758 2.0 5.88745515924
4.69757575758 2.0 1.13699901043
4.69757575758 3.0 5.97051153821
4.69757575758 3.0 1.05462590682
4.69757575758 4.0 5.9124693515
4.69757575758 4.0 1.0557318717
4.69757575758 5.0 7.03508898027
4.69757575758 5.0 1.00375214749
4.74797979798 1.0 1.0
4.74797979798 1.0 1.0
4.74797979798 2.0 5.68258609742
4.74797979798 2.0 1.06683622731
4.74797979798 3.0 5.59493291918
4.74797979798 3.0 1.0321475823
4.74797979798 4.0 6.23963885909
4.74797979798 4.0 1.38251001474
4.74797979798 5.0 6.85758227903
4.74797979798 5.0 1.64031833131
4.79838383838 1.0 1.0
4.79838383838 1.0 1.0
4.79838383838 2.0 5.32657650831
4.79838383838 2.0 1.06393479581
4.79838383838 3.0 6.12365961269
4.79838383838 3.0 1.03588932426
4.79838383838 4.0 5.99003580731
4.79838383838 4.0 1.19108765202
4.79838383838 5.0 6.92549056964
4.79838383838 5.0 1.08013622765
4.84878787879 1.0 1.0
4.84878787879 1.0 1.0
4.84878787879 2.0 6.15538712451
4.84878787879 2.0 1.24265448124
4.84878787879 3.0 5.65383886671
4.84878787879 3.0 1.07615645691
4.84878787879 4.0 6.27971438144
4.84878787879 4.0 1.01952975941
4.84878787879 5.0 6.80021298823
4.84878787879 5.0 1.53921639122
4.89919191919 1.0 1.0
4.89919191919 1.0 1.0
4.89919191919 2.0 6.13246893676
4.89919191919 2.0 1.05118632316
4.89919191919 3.0 6.32612623719
4.89919191919 3.0 1.03566665086
4.89919191919 4.0 6.23414923783
4.89919191919 4.0 1.26650784393
4.89919191919 5.0 6.83012117733
4.89919191919 5.0 1.53091466951
4.9495959596 1.0 1.0
4.9495959596 1.0 1.0
4.9495959596 2.0 5.89248042537
4.9495959596 2.0 1.0722432431
4.9495959596 3.0 6.19276342554
4.9495959596 3.0 1.0682551656
4.9495959596 4.0 6.43817817276
4.9495959596 4.0 1.10868445769
4.9495959596 5.0 6.9513673627
4.9495959596 5.0 1.3934801286
5.0 1.0 1.0
5.0 1.0 1.0
5.0 2.0 6.10865543782
5.0 2.0 1.25700602012
5.0 3.0 5.92099467513
5.0 3.0 1.04113536105
5.0 4.0 6.15398370204
5.0 4.0 1.13409291353
5.0 5.0 6.94508544229
5.0 5.0 1.46670491712
